1 0 18 0
2 0 19 0
3 0 5 0
5 0 30 0
8 1 2 0
10 3 4 0
11 8 17 0
12 10 11 0
13 10 13 0
20 12 14 12
21 12 16 12
28 16 28 0
30 18 20 11
31 18 20 11
33 19 23 1
34 19 39 1
42 20 23 0
43 21 22 30
44 21 24 0
47 23 25 0
48 24 24 0
49 24 25 0
50 24 25 0
51 24 47 33
52 24 24 33
56 26 30 0
60 29 35 28
61 29 31 28
63 30 30 0
64 30 35 0
67 31 33 56
68 31 33 56
69 31 34 5
70 31 47 5
77 34 37 0
79 36 36 60
80 36 37 60
87 39 44 0
89 40 47 0
90 40 43 0
91 40 45 0
94 41 43 0
100 43 46 0
104 44 47 0
105 44 47 90
106 44 47 90
110 45 45 0
118 46 47 91
119 46 47 91
127 22 22 0
128 22 22 0
129 23 23 0
130 23 23 0
