1 0 66 0
2 0 22 0
3 0 100 0
4 0 22 0
5 0 95 0
6 0 0 0
7 0 55 0
8 0 1 0
9 0 4 0
10 0 8 0
11 0 12 0
12 1 12 6
13 1 1 6
14 2 6 8
15 2 3 8
16 5 74 9
17 5 13 9
18 7 46 14
19 7 9 14
20 10 114 19
21 10 114 19
22 13 13 12
23 13 14 12
24 14 45 17
25 14 28 17
26 15 15 23
27 15 18 23
28 19 19 27
29 19 28 27
30 23 23 2
31 23 55 2
32 26 27 0
33 29 29 0
34 29 46 0
35 29 29 29
36 29 58 29
37 30 37 0
38 33 33 0
39 35 36 0
40 39 40 0
41 42 43 0
42 45 59 0
43 46 47 24
44 46 46 24
45 47 47 34
46 47 99 34
47 47 48 18
48 47 48 18
49 48 107 43
50 48 48 43
51 49 49 48
52 49 49 48
53 50 50 51
54 50 50 51
55 50 52 0
56 51 52 54
57 51 51 54
58 53 53 56
59 53 56 56
60 53 53 56
61 56 56 0
62 56 99 31
63 56 56 31
64 56 56 7
65 56 56 7
66 57 57 59
67 57 58 59
68 57 67 59
69 59 61 36
70 59 59 36
71 59 64 67
72 59 61 67
73 61 62 0
74 62 62 0
75 62 74 69
76 62 62 69
77 64 68 0
78 64 64 0
79 65 72 71
80 65 65 71
81 67 68 1
82 67 70 1
83 68 71 68
84 68 68 68
85 68 68 68
86 68 68 0
87 68 68 68
88 71 71 82
89 71 74 82
90 72 72 83
91 72 73 83
92 73 73 79
93 73 74 79
94 73 73 79
95 74 78 91
96 74 74 91
97 74 75 91
98 75 75 89
99 75 80 89
100 75 76 75
101 75 77 75
102 75 76 93
103 75 75 93
104 75 75 93
105 75 96 16
106 75 75 16
107 76 76 0
108 77 78 102
109 77 77 102
110 77 77 102
111 77 77 102
112 79 80 108
113 79 79 108
114 79 81 108
115 80 80 113
116 80 80 113
117 81 81 99
118 81 82 99
119 81 81 0
120 81 82 115
121 81 81 115
122 82 83 114
123 82 82 114
124 83 83 118
125 83 101 118
126 83 86 120
127 83 83 120
128 83 83 120
129 84 84 128
130 84 84 128
131 84 84 122
132 84 85 122
133 84 84 128
134 85 85 0
135 86 86 132
136 86 86 132
137 87 87 0
138 87 89 135
139 87 87 135
140 87 88 126
141 87 87 126
142 87 87 126
143 89 91 140
144 89 90 140
145 89 89 0
146 90 90 0
147 90 90 138
148 90 90 138
149 91 91 147
150 91 93 147
151 92 93 143
152 92 92 143
153 92 92 0
154 94 96 151
155 94 95 151
156 94 95 150
157 94 94 150
158 95 102 0
159 95 95 0
160 96 98 156
161 96 96 156
162 96 96 156
163 97 98 0
164 97 101 154
165 97 99 154
166 97 97 154
167 97 97 105
168 97 97 105
169 98 98 166
170 98 98 166
171 98 99 167
172 98 100 167
173 98 98 166
174 99 106 160
175 99 99 160
176 100 103 46
177 100 100 46
178 101 114 3
179 101 104 3
180 101 114 172
181 101 101 172
182 102 103 125
183 102 102 125
184 102 102 164
185 102 102 164
186 102 102 164
187 103 103 184
188 103 104 184
189 104 114 182
190 104 108 182
191 104 104 187
192 104 104 187
193 105 105 179
194 105 107 179
195 105 105 192
196 105 106 192
197 106 108 193
198 106 107 193
199 106 106 195
200 106 106 195
201 107 110 199
202 107 107 199
203 107 107 174
204 107 111 174
205 108 109 194
206 108 110 194
207 108 108 0
208 108 108 203
209 108 109 203
210 109 109 190
211 109 114 190
212 109 109 197
213 109 109 197
214 109 110 0
215 110 110 213
216 110 110 213
217 111 112 215
218 111 111 215
219 111 114 201
220 111 111 201
221 112 112 204
222 112 112 204
223 112 114 0
224 113 114 217
225 113 114 217
226 113 113 222
227 113 113 222
228 114 114 226
229 114 114 226
230 114 114 226
