1 0 320 0
2 62 62 0
3 296 296 0
4 298 298 0
5 321 334 0
6 335 374 0
7 347 347 0
8 353 353 0
9 368 368 0
10 375 383 6
11 375 377 6
12 377 377 0
13 378 379 0
14 384 390 10
15 384 384 10
16 385 388 0
17 390 390 0
18 390 392 0
19 391 399 14
20 391 391 14
21 391 391 0
22 397 397 0
23 398 398 0
24 400 403 19
25 400 402 19
26 404 404 24
27 404 423 24
28 404 404 0
29 407 407 0
30 409 409 0
31 412 412 0
32 414 415 0
33 417 417 0
34 417 417 0
35 424 426 27
36 424 425 27
37 426 427 0
38 427 427 0
39 427 429 35
40 427 427 35
41 428 429 0
42 429 429 0
43 430 431 39
44 430 435 39
45 431 431 0
46 434 434 0
47 436 436 44
48 436 441 44
49 437 437 0
50 437 437 0
51 441 442 0
52 441 443 0
53 441 441 0
54 442 442 48
55 442 446 48
56 445 446 0
57 447 451 55
58 447 448 55
59 448 450 0
60 449 449 0
61 451 451 0
62 452 453 57
63 452 463 57
64 455 455 0
65 455 456 0
66 458 458 0
67 459 461 0
68 460 462 0
69 464 464 63
70 464 465 63
71 464 464 0
72 464 464 0
73 465 466 0
74 466 468 70
75 466 470 70
76 466 466 0
77 468 468 0
78 468 468 0
79 469 473 74
80 469 469 74
81 469 469 0
82 470 470 0
83 470 480 0
84 474 474 79
85 474 478 79
86 477 478 0
87 477 477 0
88 479 480 85
89 479 479 85
90 481 481 88
91 481 489 88
92 481 481 88
93 482 482 0
94 483 483 0
95 485 485 0
96 487 491 0
97 488 488 0
98 490 490 0
99 490 492 91
100 490 491 91
101 490 490 0
102 491 492 0
103 491 491 0
104 493 493 0
105 493 495 99
106 493 493 99
107 493 494 0
108 493 493 0
109 494 494 0
110 495 496 0
111 496 504 105
112 496 497 105
113 496 496 0
114 497 497 0
115 498 501 0
116 499 499 0
117 502 506 0
118 503 503 0
119 504 504 0
120 505 507 111
121 505 505 111
122 505 506 0
123 506 506 0
124 508 509 120
125 508 508 120
126 508 509 0
127 510 514 124
128 510 514 124
129 512 512 0
130 513 513 0
131 515 521 127
132 515 519 127
133 516 516 0
134 518 518 0
135 518 521 0
136 520 520 0
137 521 521 0
138 521 521 0
139 522 526 131
140 522 522 131
141 523 524 0
142 526 526 0
143 526 527 0
144 527 534 139
145 527 530 139
146 528 532 0
147 531 531 0
148 535 536 144
149 535 541 144
150 537 544 0
151 540 541 0
152 542 543 149
153 542 553 149
154 546 546 0
155 546 548 0
156 547 550 0
157 549 549 0
158 552 553 0
159 553 553 0
160 554 558 153
161 554 556 153
162 555 555 0
163 555 556 0
164 556 556 0
165 556 556 0
166 556 557 0
167 557 562 0
168 559 589 160
169 559 561 160
170 559 560 0
171 562 572 169
172 562 562 169
173 565 565 0
174 565 571 0
175 565 565 0
176 568 569 0
177 568 570 0
178 573 573 171
179 573 574 171
180 573 573 0
181 574 574 0
182 574 574 0
183 575 575 179
184 575 577 179
185 576 579 0
186 578 579 184
187 578 610 184
188 581 584 0
189 586 586 0
190 590 592 168
191 590 590 168
192 591 591 0
193 593 593 190
194 593 610 190
195 596 597 0
196 611 612 187
197 611 614 187
198 611 628 194
199 611 611 194
200 615 618 197
201 615 616 197
202 619 620 200
203 619 619 200
204 621 621 202
205 621 622 202
206 623 623 205
207 623 632 205
208 623 623 0
209 629 629 198
210 629 634 198
211 633 633 207
212 633 634 207
213 635 637 212
214 635 635 212
215 635 647 0
216 635 635 210
217 635 643 210
218 638 638 0
219 644 647 217
220 644 644 217
221 648 648 215
222 648 648 215
223 648 648 219
224 648 649 219
225 649 661 222
226 649 649 222
227 650 663 224
228 650 651 224
229 661 662 0
230 663 671 0
231 664 665 227
232 664 668 227
233 665 665 0
234 669 669 232
235 669 673 232
236 671 671 0
237 672 672 230
238 672 691 230
239 674 674 235
240 674 675 235
241 676 676 240
242 676 676 240
243 677 677 242
244 677 686 242
245 687 689 244
246 687 687 244
247 689 693 0
248 692 692 238
249 692 695 238
250 692 692 0
251 694 694 247
252 694 697 247
253 696 697 249
254 696 703 249
255 698 704 252
256 698 701 252
257 704 705 254
258 704 717 254
259 705 707 0
260 708 714 259
261 708 708 259
262 709 709 0
263 712 712 0
264 715 715 0
265 716 716 0
266 717 718 265
267 717 717 265
268 717 717 0
269 718 719 258
270 718 720 258
271 719 723 0
272 720 720 269
273 720 726 269
274 721 722 0
275 724 740 271
276 724 740 271
277 727 728 273
278 727 727 273
279 729 729 277
280 729 732 277
281 729 729 277
282 733 752 280
283 733 736 280
284 734 734 0
285 734 734 0
286 736 737 0
287 741 742 0
288 741 768 276
289 741 741 276
290 741 742 275
291 741 749 275
292 746 746 0
293 750 752 0
294 750 751 291
295 750 750 291
296 753 756 282
297 753 754 282
298 753 753 0
299 753 790 0
300 756 769 0
301 756 756 0
302 768 769 0
303 769 770 288
304 769 769 288
305 770 771 300
306 770 771 300
307 771 816 303
308 771 771 303
309 772 772 305
310 772 777 305
311 778 786 310
312 778 778 310
313 779 780 0
314 785 786 0
315 787 787 311
316 787 792 311
317 791 791 299
318 791 802 299
319 793 794 316
320 793 797 316
321 798 800 320
322 798 813 320
323 803 805 318
324 803 825 318
325 806 806 0
326 812 812 0
327 814 814 322
328 814 820 322
329 817 826 307
330 817 817 307
331 821 821 0
332 821 826 328
333 821 821 328
334 821 822 0
335 821 821 0
336 826 826 324
337 826 831 324
338 827 830 332
339 827 827 332
340 827 827 329
341 827 840 329
342 829 829 0
343 830 830 0
344 831 832 338
345 831 831 338
346 831 880 0
347 833 834 344
348 833 836 344
349 837 837 348
350 837 843 348
351 841 844 0
352 844 844 350
353 844 845 350
354 844 856 350
355 845 845 351
356 845 860 351
357 846 846 353
358 846 846 353
359 847 847 0
360 851 852 0
361 852 852 0
362 857 860 354
363 857 861 354
364 859 859 0
365 861 968 356
366 861 874 356
367 862 862 363
368 862 874 363
369 865 865 0
370 871 871 0
371 875 876 368
372 875 879 368
373 875 876 0
374 875 881 0
375 875 891 0
376 877 878 371
377 877 879 371
378 878 880 0
379 880 886 377
380 880 881 377
381 881 883 346
382 881 882 346
383 882 934 0
384 883 888 0
385 884 884 381
386 884 890 381
387 887 887 379
388 887 896 379
389 889 889 0
390 890 893 0
391 891 891 386
392 891 894 386
393 891 892 386
394 893 893 0
395 895 903 0
396 895 895 392
397 895 898 392
398 896 897 0
399 897 897 388
400 897 911 388
401 899 916 397
402 899 909 397
403 900 900 0
404 902 903 0
405 905 909 0
406 905 906 0
407 908 909 0
408 909 944 0
409 911 911 0
410 911 928 0
411 911 911 0
412 912 912 0
413 912 912 400
414 912 913 400
415 913 913 0
416 914 914 0
417 914 929 414
418 914 914 414
419 914 914 0
420 915 915 0
421 916 916 0
422 916 916 0
423 917 917 0
424 917 936 401
425 917 919 401
426 918 919 0
427 918 918 0
428 926 928 0
429 930 941 417
430 930 930 417
431 930 934 0
432 930 931 0
433 933 933 0
434 935 935 383
435 935 1008 383
436 937 937 424
437 937 947 424
438 940 949 0
439 941 942 0
440 942 945 429
441 942 942 429
442 945 945 0
443 945 945 0
444 945 947 408
445 945 945 408
446 946 946 440
447 946 947 440
448 946 971 445
449 946 946 445
450 948 948 447
451 948 950 447
452 948 952 447
453 948 974 0
454 948 948 0
455 949 949 0
456 951 952 0
457 953 953 0
458 953 956 452
459 953 957 452
460 953 954 0
461 954 956 0
462 956 956 0
463 956 956 0
464 958 959 459
465 958 958 459
466 958 960 459
467 959 959 0
468 960 960 0
469 961 961 0
470 961 961 466
471 961 961 466
472 962 962 470
473 962 963 470
474 962 962 0
475 963 963 0
476 964 968 473
477 964 965 473
478 964 965 0
479 964 964 0
480 965 966 0
481 965 965 0
482 968 1003 0
483 969 973 476
484 969 971 476
485 969 969 476
486 969 969 0
487 972 972 484
488 972 972 484
489 972 972 448
490 972 1010 448
491 974 974 483
492 974 975 483
493 974 975 0
494 974 984 0
495 975 975 491
496 975 975 491
497 975 975 0
498 975 976 0
499 976 976 492
500 976 976 492
501 977 981 499
502 977 977 499
503 977 978 499
504 977 979 0
505 978 978 0
506 980 980 0
507 981 981 0
508 982 982 501
509 982 982 501
510 982 982 501
511 983 985 0
512 983 983 509
513 983 986 509
514 983 983 510
515 983 991 510
516 984 984 0
517 984 984 0
518 984 984 0
519 984 984 0
520 984 984 0
521 985 993 494
522 985 985 494
523 986 986 0
524 986 987 0
525 987 988 513
526 987 991 513
527 989 991 0
528 992 994 526
529 992 993 526
530 992 992 515
531 992 993 515
532 993 998 0
533 993 995 0
534 994 995 529
535 994 994 529
536 996 997 534
537 996 996 534
538 997 999 537
539 997 998 537
540 997 998 0
541 999 1003 0
542 1000 1003 538
543 1000 1007 538
544 1000 1000 0
545 1000 1000 0
546 1002 1003 0
547 1003 1007 0
548 1003 1012 0
549 1004 1005 0
550 1004 1004 0
551 1005 1009 0
552 1007 1008 0
553 1008 1008 547
554 1008 1008 547
555 1009 1010 552
556 1009 1009 552
557 1009 1012 552
558 1009 1013 0
559 1009 1009 553
560 1009 1009 553
561 1010 1013 559
562 1010 1010 559
563 1010 1010 0
564 1011 1013 0
565 1011 1015 490
566 1011 1014 490
567 1012 1012 0
568 1012 1041 0
569 1013 1014 557
570 1013 1015 557
571 1014 1015 558
572 1014 1014 558
573 1014 1018 0
574 1015 1026 569
575 1015 1018 569
576 1015 1018 0
577 1016 1018 0
578 1016 1019 0
579 1016 1016 565
580 1016 1027 565
581 1019 1020 575
582 1019 1019 575
583 1019 1028 0
584 1019 1036 0
585 1021 1021 0
586 1021 1021 0
587 1022 1022 0
588 1023 1023 0
589 1024 1025 0
590 1025 1025 0
591 1027 1030 574
592 1027 1029 574
593 1027 1027 0
594 1027 1027 0
595 1028 1028 0
596 1028 1031 0
597 1029 1034 583
598 1029 1030 583
599 1031 1031 591
600 1031 1033 591
601 1032 1034 599
602 1032 1035 599
603 1032 1032 0
604 1032 1032 0
605 1032 1035 596
606 1032 1032 596
607 1034 1034 0
608 1035 1036 0
609 1035 1035 0
610 1036 1038 602
611 1036 1039 602
612 1036 1036 0
613 1036 1037 605
614 1036 1042 605
615 1037 1039 0
616 1037 1041 584
617 1037 1037 584
618 1040 1041 611
619 1040 1040 611
620 1040 1043 0
621 1040 1042 0
622 1041 1043 619
623 1041 1048 619
624 1041 1042 0
625 1041 1041 0
626 1042 1065 0
627 1043 1043 624
628 1043 1045 624
629 1043 1043 614
630 1043 1048 614
631 1044 1049 622
632 1044 1049 622
633 1044 1046 0
634 1045 1045 0
635 1045 1046 0
636 1046 1046 628
637 1046 1046 628
638 1047 1047 0
639 1047 1065 0
640 1047 1047 0
641 1047 1048 636
642 1047 1047 636
643 1048 1059 0
644 1048 1048 0
645 1048 1048 0
646 1049 1049 630
647 1049 1049 630
648 1050 1054 631
649 1050 1050 631
650 1050 1051 0
651 1050 1050 647
652 1050 1050 647
653 1051 1051 0
654 1051 1052 652
655 1051 1051 652
656 1052 1052 0
657 1053 1053 656
658 1053 1053 656
659 1054 1054 0
660 1054 1054 0
661 1054 1054 657
662 1054 1054 657
663 1054 1063 657
664 1055 1066 648
665 1055 1056 648
666 1055 1057 661
667 1055 1055 661
668 1057 1057 0
669 1057 1058 0
670 1060 1061 0
671 1060 1064 0
672 1060 1060 0
673 1060 1060 0
674 1063 1063 0
675 1064 1064 0
676 1064 1065 0
677 1065 1068 671
678 1065 1067 671
679 1065 1065 0
680 1066 1066 0
681 1066 1068 639
682 1066 1067 639
683 1066 1069 0
684 1066 1066 676
685 1066 1067 676
686 1067 1076 0
687 1067 1067 0
688 1067 1067 0
689 1068 1070 688
690 1068 1068 688
691 1069 1069 681
692 1069 1069 681
693 1069 1072 677
694 1069 1072 677
695 1069 1069 0
696 1069 1069 690
697 1069 1071 690
698 1069 1069 0
699 1070 1071 692
700 1070 1074 692
701 1071 1072 0
702 1072 1072 0
703 1072 1072 697
704 1072 1072 697
705 1073 1074 693
706 1073 1077 693
707 1073 1083 704
708 1073 1081 704
709 1073 1085 704
710 1074 1074 0
711 1074 1076 0
712 1075 1076 0
713 1075 1077 0
714 1075 1075 0
715 1077 1077 686
716 1077 1078 686
717 1077 1078 0
718 1078 1078 706
719 1078 1079 706
720 1078 1078 0
721 1078 1079 0
722 1079 1079 0
723 1079 1079 0
724 1079 1080 0
725 1079 1080 0
726 1080 1080 0
727 1080 1082 0
728 1080 1080 0
729 1081 1083 0
730 1081 1087 728
731 1081 1084 728
732 1082 1082 708
733 1082 1084 708
734 1083 1084 0
735 1083 1083 0
736 1083 1083 0
737 1084 1085 729
738 1084 1084 729
739 1085 1086 734
740 1085 1085 734
741 1085 1088 0
742 1085 1085 733
743 1085 1085 733
744 1086 1088 737
745 1086 1086 737
746 1086 1086 0
747 1086 1088 742
748 1086 1086 742
749 1086 1091 709
750 1086 1086 709
751 1087 1087 739
752 1087 1087 739
753 1087 1087 0
754 1087 1087 748
755 1087 1087 748
756 1088 1093 751
757 1088 1091 751
758 1088 1110 0
759 1088 1088 0
760 1089 1093 744
761 1089 1089 744
762 1089 1099 741
763 1089 1089 741
764 1089 1089 747
765 1089 1089 747
766 1089 1089 0
767 1090 1093 764
768 1090 1092 764
769 1091 1091 0
770 1091 1091 0
771 1092 1094 757
772 1092 1092 757
773 1092 1096 749
774 1092 1092 749
775 1094 1095 760
776 1094 1107 760
777 1094 1095 0
778 1094 1094 0
779 1094 1103 767
780 1094 1103 767
781 1094 1094 0
782 1095 1096 0
783 1095 1104 0
784 1096 1096 0
785 1097 1103 0
786 1097 1097 773
787 1097 1098 773
788 1098 1098 0
789 1098 1098 0
790 1099 1107 787
791 1099 1105 787
792 1100 1102 762
793 1100 1128 762
794 1100 1100 0
795 1100 1100 0
796 1103 1103 0
797 1104 1111 0
798 1104 1104 0
799 1104 1105 0
800 1104 1108 0
801 1104 1104 779
802 1104 1117 779
803 1105 1106 0
804 1106 1106 0
805 1107 1107 0
806 1107 1115 0
807 1108 1110 0
808 1108 1108 0
809 1108 1108 0
810 1108 1110 790
811 1108 1120 790
812 1109 1123 0
813 1110 1110 0
814 1110 1110 0
815 1111 1127 807
816 1111 1115 807
817 1111 1116 0
818 1111 1111 0
819 1111 1116 810
820 1111 1112 810
821 1112 1112 0
822 1112 1116 0
823 1112 1112 0
824 1115 1119 0
825 1116 1117 0
826 1116 1125 0
827 1117 1117 0
828 1117 1117 0
829 1118 1134 0
830 1118 1120 0
831 1118 1133 802
832 1118 1118 802
833 1120 1121 0
834 1121 1122 0
835 1121 1124 811
836 1121 1185 811
837 1123 1123 0
838 1124 1129 0
839 1124 1124 0
840 1124 1129 0
841 1125 1125 0
842 1125 1125 835
843 1125 1149 835
844 1126 1146 826
845 1126 1126 826
846 1126 1126 0
847 1128 1128 815
848 1128 1130 815
849 1128 1128 0
850 1129 1131 793
851 1129 1129 793
852 1130 1131 0
853 1130 1130 0
854 1131 1131 0
855 1131 1131 0
856 1131 1131 0
857 1132 1132 0
858 1132 1134 0
859 1132 1133 850
860 1132 1133 850
861 1133 1134 857
862 1133 1133 857
863 1133 1133 0
864 1134 1134 860
865 1134 1139 860
866 1134 1148 831
867 1134 1148 831
868 1135 1138 861
869 1135 1136 861
870 1135 1140 0
871 1135 1138 0
872 1135 1135 0
873 1136 1140 0
874 1136 1137 0
875 1137 1137 0
876 1139 1144 868
877 1139 1139 868
878 1139 1143 0
879 1139 1139 0
880 1140 1140 0
881 1140 1140 0
882 1140 1140 865
883 1140 1147 865
884 1140 1140 0
885 1141 1142 0
886 1141 1141 0
887 1141 1141 0
888 1142 1142 0
889 1143 1147 0
890 1143 1143 0
891 1143 1143 0
892 1143 1143 0
893 1144 1145 878
894 1144 1144 878
895 1145 1159 876
896 1145 1145 876
897 1145 1145 0
898 1145 1145 0
899 1146 1152 0
900 1147 1151 0
901 1147 1147 0
902 1147 1148 0
903 1148 1148 0
904 1148 1150 883
905 1148 1148 883
906 1149 1150 0
907 1149 1150 0
908 1149 1149 867
909 1149 1149 867
910 1149 1149 0
911 1150 1158 908
912 1150 1150 908
913 1150 1150 0
914 1150 1150 0
915 1151 1152 0
916 1151 1151 0
917 1151 1151 0
918 1151 1151 904
919 1151 1151 904
920 1151 1153 0
921 1152 1152 900
922 1152 1173 900
923 1152 1154 0
924 1152 1152 918
925 1152 1153 918
926 1153 1153 0
927 1153 1156 0
928 1153 1153 0
929 1153 1163 0
930 1153 1153 0
931 1154 1154 0
932 1154 1154 0
933 1154 1159 925
934 1154 1155 925
935 1154 1162 0
936 1156 1156 0
937 1157 1157 0
938 1157 1157 0
939 1158 1158 0
940 1159 1171 0
941 1159 1160 0
942 1159 1160 911
943 1159 1160 911
944 1159 1160 0
945 1160 1161 895
946 1160 1163 895
947 1160 1161 0
948 1160 1164 933
949 1160 1160 933
950 1161 1169 942
951 1161 1161 942
952 1162 1162 0
953 1162 1162 0
954 1163 1165 0
955 1163 1163 0
956 1164 1164 946
957 1164 1168 946
958 1164 1164 0
959 1164 1168 0
960 1164 1164 0
961 1165 1165 0
962 1166 1172 0
963 1166 1172 0
964 1166 1166 0
965 1169 1169 0
966 1169 1169 957
967 1169 1170 957
968 1169 1169 0
969 1170 1172 0
970 1170 1177 950
971 1170 1174 950
972 1171 1173 0
973 1172 1172 0
974 1172 1172 0
975 1173 1183 0
976 1173 1178 0
977 1173 1179 0
978 1173 1180 962
979 1173 1181 962
980 1173 1173 0
981 1173 1174 0
982 1174 1174 972
983 1174 1183 972
984 1174 1177 922
985 1174 1175 922
986 1174 1177 0
987 1175 1175 0
988 1175 1175 0
989 1176 1180 0
990 1176 1176 0
991 1178 1178 984
992 1178 1185 984
993 1178 1178 986
994 1178 1182 986
995 1179 1180 0
996 1179 1179 0
997 1179 1184 0
998 1180 1182 0
999 1181 1183 0
1000 1181 1182 0
1001 1181 1185 0
1002 1181 1181 0
1003 1181 1181 0
1004 1182 1187 0
1005 1182 1183 0
1006 1183 1184 0
1007 1183 1187 0
1008 1183 1183 994
1009 1183 1183 994
1010 1184 1197 0
1011 1184 1184 983
1012 1184 1184 983
1013 1184 1184 1008
1014 1184 1185 1008
1015 1184 1184 0
1016 1185 1189 1012
1017 1185 1186 1012
1018 1185 1214 0
1019 1185 1185 0
1020 1186 1189 0
1021 1186 1190 992
1022 1186 1188 992
1023 1186 1189 0
1024 1186 1186 1014
1025 1186 1186 1014
1026 1186 1186 836
1027 1186 1186 836
1028 1187 1187 1025
1029 1187 1188 1025
1030 1187 1233 0
1031 1187 1187 0
1032 1187 1187 0
1033 1188 1188 0
1034 1188 1191 0
1035 1188 1189 0
1036 1189 1189 0
1037 1189 1189 0
1038 1189 1194 1029
1039 1189 1194 1029
1040 1190 1190 0
1041 1190 1193 1016
1042 1190 1190 1016
1043 1190 1190 0
1044 1190 1190 0
1045 1190 1196 0
1046 1191 1191 0
1047 1191 1197 1021
1048 1191 1211 1021
1049 1191 1200 0
1050 1191 1192 0
1051 1192 1300 0
1052 1192 1192 0
1053 1193 1193 0
1054 1194 1194 0
1055 1194 1213 1041
1056 1194 1194 1041
1057 1194 1204 0
1058 1194 1194 0
1059 1195 1197 1039
1060 1195 1199 1039
1061 1195 1195 0
1062 1196 1196 0
1063 1197 1197 1045
1064 1197 1199 1045
1065 1198 1199 1010
1066 1198 1201 1010
1067 1198 1208 0
1068 1198 1198 0
1069 1198 1198 0
1070 1200 1204 1060
1071 1200 1204 1060
1072 1200 1200 0
1073 1201 1202 0
1074 1201 1201 0
1075 1202 1206 1066
1076 1202 1204 1066
1077 1203 1203 0
1078 1203 1203 0
1079 1204 1206 0
1080 1205 1205 0
1081 1205 1205 0
1082 1205 1205 0
1083 1205 1212 1071
1084 1205 1212 1071
1085 1206 1206 0
1086 1206 1212 0
1087 1206 1206 0
1088 1207 1207 1085
1089 1207 1209 1085
1090 1207 1212 0
1091 1208 1208 0
1092 1209 1210 0
1093 1209 1212 0
1094 1209 1209 0
1095 1210 1213 0
1096 1210 1210 0
1097 1212 1212 0
1098 1213 1216 1093
1099 1213 1213 1093
1100 1213 1213 0
1101 1213 1214 0
1102 1213 1213 1084
1103 1213 1216 1084
1104 1214 1214 0
1105 1214 1216 1055
1106 1214 1214 1055
1107 1214 1215 0
1108 1214 1216 0
1109 1214 1214 1099
1110 1214 1214 1099
1111 1214 1214 0
1112 1215 1217 0
1113 1215 1227 1018
1114 1215 1221 1018
1115 1215 1219 0
1116 1215 1215 0
1117 1216 1216 0
1118 1216 1216 0
1119 1216 1216 0
1120 1216 1216 0
1121 1217 1217 1105
1122 1217 1228 1105
1123 1217 1218 0
1124 1217 1245 0
1125 1217 1222 1103
1126 1217 1222 1103
1127 1217 1217 0
1128 1217 1219 0
1129 1218 1218 0
1130 1218 1221 1112
1131 1218 1222 1112
1132 1219 1220 1123
1133 1219 1222 1123
1134 1219 1219 0
1135 1219 1219 0
1136 1220 1230 0
1137 1220 1222 0
1138 1220 1220 0
1139 1220 1224 0
1140 1221 1221 0
1141 1221 1221 0
1142 1222 1222 0
1143 1222 1224 0
1144 1222 1222 0
1145 1223 1223 0
1146 1223 1223 0
1147 1223 1223 0
1148 1223 1233 1126
1149 1223 1226 1126
1150 1223 1223 1126
1151 1224 1224 0
1152 1224 1224 1146
1153 1224 1224 1146
1154 1225 1225 0
1155 1225 1225 0
1156 1225 1225 0
1157 1225 1226 0
1158 1225 1225 0
1159 1225 1225 0
1160 1225 1230 1139
1161 1225 1228 1139
1162 1225 1225 0
1163 1226 1226 1154
1164 1226 1226 1154
1165 1226 1227 0
1166 1226 1226 0
1167 1226 1230 0
1168 1226 1232 1159
1169 1226 1226 1159
1170 1227 1229 1163
1171 1227 1227 1163
1172 1227 1227 0
1173 1227 1227 0
1174 1228 1236 0
1175 1228 1229 0
1176 1228 1228 0
1177 1228 1230 0
1178 1228 1229 0
1179 1229 1229 0
1180 1229 1243 0
1181 1229 1229 0
1182 1229 1231 0
1183 1230 1230 1170
1184 1230 1232 1170
1185 1230 1230 0
1186 1230 1230 0
1187 1231 1231 0
1188 1231 1231 0
1189 1231 1232 0
1190 1231 1231 0
1191 1231 1231 0
1192 1231 1231 0
1193 1232 1233 0
1194 1232 1232 0
1195 1232 1237 0
1196 1232 1232 0
1197 1232 1232 0
1198 1233 1237 0
1199 1233 1233 0
1200 1233 1234 0
1201 1233 1236 1189
1202 1233 1234 1189
1203 1233 1234 1168
1204 1233 1233 1168
1205 1233 1241 1168
1206 1234 1234 0
1207 1234 1235 0
1208 1234 1234 0
1209 1234 1234 0
1210 1234 1238 1148
1211 1234 1238 1148
1212 1234 1235 0
1213 1235 1238 0
1214 1236 1238 0
1215 1236 1236 0
1216 1237 1239 1174
1217 1237 1242 1174
1218 1237 1237 0
1219 1237 1237 0
1220 1238 1238 1198
1221 1238 1240 1198
1222 1238 1238 1195
1223 1238 1242 1195
1224 1239 1245 0
1225 1239 1239 0
1226 1239 1239 0
1227 1239 1239 0
1228 1240 1241 0
1229 1240 1246 0
1230 1240 1240 0
1231 1240 1242 1227
1232 1240 1244 1227
1233 1241 1245 0
1234 1241 1241 0
1235 1242 1243 0
1236 1242 1242 0
1237 1242 1252 0
1238 1242 1242 1205
1239 1242 1244 1205
1240 1243 1250 0
1241 1243 1248 0
1242 1243 1244 0
1243 1243 1246 1231
1244 1243 1243 1231
1245 1244 1244 0
1246 1244 1253 0
1247 1244 1244 0
1248 1245 1245 0
1249 1245 1248 0
1250 1246 1253 0
1251 1246 1248 0
1252 1246 1252 0
1253 1246 1250 0
1254 1247 1251 0
1255 1247 1247 0
1256 1247 1262 1243
1257 1247 1278 1243
1258 1248 1249 0
1259 1248 1248 0
1260 1249 1257 0
1261 1249 1249 0
1262 1250 1253 0
1263 1250 1250 0
1264 1251 1251 0
1265 1251 1269 0
1266 1251 1252 0
1267 1251 1252 1253
1268 1251 1251 1253
1269 1252 1253 0
1270 1253 1258 0
1271 1253 1262 0
1272 1253 1253 1267
1273 1253 1253 1267
1274 1254 1254 1269
1275 1254 1254 1269
1276 1254 1258 0
1277 1254 1256 1272
1278 1254 1254 1272
1279 1254 1257 1272
1280 1254 1254 0
1281 1254 1254 1246
1282 1254 1258 1246
1283 1255 1264 1274
1284 1255 1255 1274
1285 1257 1257 0
1286 1258 1259 0
1287 1258 1259 0
1288 1258 1258 0
1289 1258 1258 0
1290 1259 1259 0
1291 1259 1260 0
1292 1259 1262 0
1293 1259 1261 0
1294 1259 1259 1282
1295 1259 1264 1282
1296 1260 1261 0
1297 1260 1269 0
1298 1261 1263 0
1299 1262 1262 0
1300 1262 1266 0
1301 1262 1262 1293
1302 1262 1263 1293
1303 1262 1269 0
1304 1263 1263 0
1305 1263 1264 0
1306 1263 1275 0
1307 1263 1270 1256
1308 1263 1267 1256
1309 1263 1263 0
1310 1264 1264 0
1311 1264 1264 0
1312 1264 1272 0
1313 1265 1266 1283
1314 1265 1269 1283
1315 1265 1265 0
1316 1265 1277 0
1317 1265 1265 0
1318 1266 1268 0
1319 1266 1280 0
1320 1267 1267 0
1321 1267 1277 0
1322 1269 1269 0
1323 1270 1270 1265
1324 1270 1279 1265
1325 1270 1270 1265
1326 1270 1274 0
1327 1270 1270 0
1328 1270 1272 0
1329 1270 1281 1303
1330 1270 1270 1303
1331 1271 1272 0
1332 1271 1271 0
1333 1271 1273 1307
1334 1271 1273 1307
1335 1271 1271 1330
1336 1271 1281 1330
1337 1273 1273 0
1338 1273 1276 0
1339 1273 1274 1312
1340 1273 1273 1312
1341 1274 1275 0
1342 1274 1274 1334
1343 1274 1277 1334
1344 1274 1274 0
1345 1275 1286 0
1346 1275 1296 1339
1347 1275 1275 1339
1348 1276 1276 0
1349 1276 1277 0
1350 1276 1277 0
1351 1276 1276 0
1352 1276 1276 0
1353 1277 1277 0
1354 1277 1287 0
1355 1278 1281 0
1356 1278 1278 0
1357 1278 1278 0
1358 1278 1278 0
1359 1278 1278 0
1360 1278 1289 0
1361 1278 1279 1343
1362 1278 1287 1343
1363 1279 1279 0
1364 1279 1281 0
1365 1279 1281 0
1366 1279 1279 0
1367 1280 1281 1324
1368 1280 1281 1324
1369 1280 1280 0
1370 1280 1306 0
1371 1280 1285 0
1372 1280 1280 1366
1373 1280 1280 1366
1374 1281 1282 0
1375 1281 1281 0
1376 1281 1298 0
1377 1281 1282 0
1378 1282 1282 0
1379 1282 1297 0
1380 1282 1283 0
1381 1282 1282 0
1382 1283 1283 1374
1383 1283 1283 1374
1384 1283 1283 0
1385 1283 1283 0
1386 1283 1296 1377
1387 1283 1283 1377
1388 1283 1307 0
1389 1284 1284 0
1390 1284 1288 1382
1391 1284 1285 1382
1392 1284 1291 0
1393 1284 1284 0
1394 1284 1284 0
1395 1285 1286 0
1396 1286 1286 0
1397 1286 1286 0
1398 1286 1287 0
1399 1286 1286 0
1400 1286 1286 0
1401 1287 1287 0
1402 1287 1287 0
1403 1287 1288 0
1404 1287 1293 0
1405 1287 1287 0
1406 1288 1292 0
1407 1288 1288 0
1408 1288 1288 0
1409 1288 1291 0
1410 1289 1289 0
1411 1289 1297 0
1412 1289 1289 0
1413 1289 1289 0
1414 1289 1289 0
1415 1290 1303 0
1416 1290 1290 0
1417 1290 1293 0
1418 1291 1291 0
1419 1291 1291 0
1420 1292 1294 1392
1421 1292 1296 1392
1422 1292 1293 1409
1423 1292 1296 1409
1424 1293 1300 0
1425 1293 1297 0
1426 1294 1295 1417
1427 1294 1294 1417
1428 1294 1294 0
1429 1295 1300 0
1430 1295 1295 0
1431 1295 1295 0
1432 1296 1296 0
1433 1296 1297 0
1434 1296 1309 1426
1435 1296 1296 1426
1436 1296 1322 0
1437 1297 1297 0
1438 1297 1300 0
1439 1297 1321 1346
1440 1297 1321 1346
1441 1297 1332 1423
1442 1297 1298 1423
1443 1297 1297 0
1444 1298 1306 0
1445 1298 1312 0
1446 1298 1301 0
1447 1299 1305 0
1448 1299 1299 0
1449 1299 1299 0
1450 1300 1300 0
1451 1300 1300 0
1452 1301 1303 0
1453 1301 1304 1429
1454 1301 1304 1429
1455 1301 1303 1051
1456 1301 1302 1051
1457 1302 1306 0
1458 1302 1302 0
1459 1302 1306 0
1460 1303 1303 0
1461 1304 1306 0
1462 1304 1304 1455
1463 1304 1304 1455
1464 1305 1305 1454
1465 1305 1314 1454
1466 1305 1312 0
1467 1305 1317 1463
1468 1305 1309 1463
1469 1305 1305 0
1470 1306 1306 0
1471 1306 1306 0
1472 1306 1306 0
1473 1307 1309 0
1474 1307 1313 0
1475 1307 1310 0
1476 1307 1309 0
1477 1307 1307 1370
1478 1307 1307 1370
1479 1307 1310 0
1480 1307 1313 0
1481 1307 1307 0
1482 1308 1308 1478
1483 1308 1311 1478
1484 1309 1311 0
1485 1310 1316 0
1486 1310 1312 0
1487 1310 1313 0
1488 1310 1313 0
1489 1311 1318 1475
1490 1311 1311 1475
1491 1312 1313 0
1492 1312 1317 1483
1493 1312 1314 1483
1494 1313 1314 0
1495 1313 1313 0
1496 1313 1313 0
1497 1313 1313 0
1498 1314 1315 0
1499 1314 1314 1491
1500 1314 1316 1491
1501 1314 1314 0
1502 1314 1314 0
1503 1314 1324 0
1504 1314 1314 1487
1505 1314 1325 1487
1506 1314 1320 1480
1507 1314 1314 1480
1508 1315 1315 0
1509 1315 1315 0
1510 1315 1316 0
1511 1315 1315 0
1512 1316 1319 0
1513 1316 1316 0
1514 1316 1320 0
1515 1317 1318 0
1516 1317 1329 0
1517 1317 1317 0
1518 1317 1317 0
1519 1318 1325 1492
1520 1318 1330 1492
1521 1318 1318 1467
1522 1318 1318 1467
1523 1319 1319 0
1524 1319 1320 0
1525 1319 1319 0
1526 1319 1319 1522
1527 1319 1320 1522
1528 1320 1320 1523
1529 1320 1320 1523
1530 1320 1320 0
1531 1320 1320 0
1532 1321 1322 1529
1533 1321 1327 1529
1534 1321 1321 0
1535 1321 1324 0
1536 1321 1322 0
1537 1321 1322 1527
1538 1321 1322 1527
1539 1321 1327 1506
1540 1321 1321 1506
1541 1322 1322 0
1542 1322 1324 0
1543 1322 1340 1440
1544 1322 1331 1440
1545 1322 1322 0
1546 1323 1323 0
1547 1323 1323 0
1548 1323 1323 1537
1549 1323 1324 1537
1550 1323 1323 0
1551 1323 1361 0
1552 1324 1325 0
1553 1324 1357 0
1554 1324 1324 0
1555 1325 1336 0
1556 1325 1335 0
1557 1325 1327 1549
1558 1325 1325 1549
1559 1325 1325 0
1560 1326 1326 0
1561 1326 1338 0
1562 1326 1326 0
1563 1326 1328 1505
1564 1326 1326 1505
1565 1327 1328 0
1566 1327 1339 0
1567 1328 1328 1533
1568 1328 1337 1533
1569 1328 1328 1533
1570 1328 1328 0
1571 1328 1330 0
1572 1328 1328 1557
1573 1328 1339 1557
1574 1328 1330 0
1575 1329 1329 0
1576 1329 1330 0
1577 1330 1330 0
1578 1330 1332 0
1579 1330 1330 0
1580 1331 1334 1571
1581 1331 1335 1571
1582 1331 1371 0
1583 1331 1336 1574
1584 1331 1339 1574
1585 1332 1334 0
1586 1332 1334 0
1587 1333 1333 0
1588 1333 1337 1441
1589 1333 1333 1441
1590 1335 1335 0
1591 1335 1346 0
1592 1335 1338 0
1593 1336 1336 0
1594 1336 1343 0
1595 1336 1336 0
1596 1336 1337 0
1597 1336 1336 0
1598 1336 1337 0
1599 1336 1337 0
1600 1337 1337 0
1601 1337 1339 0
1602 1337 1337 0
1603 1338 1338 0
1604 1338 1341 1568
1605 1338 1338 1568
1606 1338 1352 1588
1607 1338 1350 1588
1608 1338 1344 1599
1609 1338 1339 1599
1610 1338 1338 0
1611 1339 1339 0
1612 1339 1341 0
1613 1339 1343 0
1614 1340 1340 0
1615 1340 1344 0
1616 1340 1341 0
1617 1340 1340 1573
1618 1340 1367 1573
1619 1340 1340 0
1620 1340 1342 1601
1621 1340 1341 1601
1622 1340 1344 1566
1623 1340 1340 1566
1624 1341 1342 0
1625 1341 1341 0
1626 1342 1345 0
1627 1342 1343 1612
1628 1342 1353 1612
1629 1342 1343 0
1630 1342 1342 0
1631 1342 1342 0
1632 1342 1342 0
1633 1343 1343 0
1634 1343 1344 0
1635 1344 1368 0
1636 1344 1349 0
1637 1344 1371 0
1638 1344 1344 0
1639 1344 1344 0
1640 1344 1344 0
1641 1345 1346 0
1642 1345 1353 1608
1643 1345 1372 1608
1644 1345 1347 0
1645 1345 1352 0
1646 1345 1356 1622
1647 1345 1345 1622
1648 1346 1346 1626
1649 1346 1346 1626
1650 1346 1346 0
1651 1347 1347 1648
1652 1347 1353 1648
1653 1347 1347 0
1654 1347 1349 0
1655 1347 1352 1591
1656 1347 1352 1591
1657 1347 1347 0
1658 1347 1347 0
1659 1348 1355 0
1660 1348 1348 0
1661 1348 1348 0
1662 1350 1350 0
1663 1350 1350 0
1664 1351 1352 0
1665 1351 1356 0
1666 1351 1354 0
1667 1352 1352 0
1668 1353 1359 0
1669 1353 1354 1656
1670 1353 1355 1656
1671 1354 1359 1652
1672 1354 1354 1652
1673 1354 1365 0
1674 1354 1357 1628
1675 1354 1357 1628
1676 1354 1354 0
1677 1355 1355 0
1678 1355 1355 0
1679 1356 1356 1677
1680 1356 1356 1677
1681 1356 1363 0
1682 1356 1360 1659
1683 1356 1364 1659
1684 1356 1356 0
1685 1357 1363 0
1686 1357 1360 1679
1687 1357 1358 1679
1688 1357 1375 0
1689 1357 1357 0
1690 1358 1359 1674
1691 1358 1358 1674
1692 1358 1375 0
1693 1358 1358 0
1694 1358 1358 0
1695 1359 1361 0
1696 1359 1360 0
1697 1360 1363 0
1698 1360 1370 0
1699 1360 1363 1690
1700 1360 1360 1690
1701 1360 1360 0
1702 1360 1360 0
1703 1361 1361 0
1704 1361 1367 0
1705 1361 1362 1682
1706 1361 1367 1682
1707 1361 1373 0
1708 1362 1366 0
1709 1364 1365 1697
1710 1364 1366 1697
1711 1364 1366 1699
1712 1364 1364 1699
1713 1364 1367 0
1714 1364 1372 1681
1715 1364 1373 1681
1716 1365 1365 0
1717 1365 1365 0
1718 1365 1365 1683
1719 1365 1365 1683
1720 1366 1367 0
1721 1366 1366 1673
1722 1366 1367 1673
1723 1366 1366 0
1724 1367 1368 0
1725 1367 1373 0
1726 1367 1374 1711
1727 1367 1367 1711
1728 1367 1368 0
1729 1368 1368 0
1730 1368 1371 0
1731 1368 1368 1722
1732 1368 1371 1722
1733 1368 1369 0
1734 1368 1368 1618
1735 1368 1375 1618
1736 1368 1373 1706
1737 1368 1375 1706
1738 1369 1375 1724
1739 1369 1370 1724
1740 1369 1369 0
1741 1370 1370 0
1742 1370 1370 0
1743 1370 1372 0
1744 1371 1373 0
1745 1371 1375 0
1746 1371 1371 1698
1747 1371 1371 1698
1748 1371 1371 0
1749 1371 1372 0
1750 1372 1375 1746
1751 1372 1375 1746
1752 1372 1375 0
1753 1372 1373 0
1754 1372 1375 1582
1755 1372 1372 1582
1756 1373 1375 0
1757 1373 1373 1743
1758 1373 1373 1743
1759 1373 1373 0
1760 1373 1375 0
1761 1374 1374 0
1762 1374 1374 1757
1763 1374 1374 1757
1764 1374 1375 0
1765 1374 1375 0
1766 1374 1375 0
1767 1374 1375 0
1768 1375 1375 1726
1769 1375 1375 1726
1770 1375 1375 1762
1771 1375 1375 1762
1772 1375 1375 0
