1 0 45 0
2 45 90 0
7 66 66 0
8 90 229 0
10 228 259 0
12 260 260 10
13 260 296 10
32 297 360 13
33 297 298 13
64 360 365 0
68 364 430 0
71 369 405 0
82 383 384 0
96 414 418 0
101 417 418 0
102 419 420 0
103 420 420 0
104 421 421 0
111 431 433 68
112 431 450 68
113 432 432 0
116 433 433 0
118 434 434 0
119 436 436 0
128 451 485 112
129 451 456 112
136 486 505 128
137 486 489 128
138 490 490 137
139 490 495 137
145 505 541 0
156 542 555 145
157 542 544 145
167 555 602 0
168 556 556 156
169 556 564 156
176 603 611 167
177 603 603 167
178 612 615 176
179 612 613 176
180 613 613 0
181 614 614 179
182 614 642 179
191 643 667 182
192 643 760 182
201 658 751 0
216 702 706 0
224 728 728 0
231 732 733 0
232 752 753 201
233 752 752 201
237 753 774 233
238 753 753 233
239 759 791 0
244 774 804 0
249 792 915 239
250 792 848 239
251 805 901 244
252 805 954 244
271 848 931 0
287 881 881 0
288 901 956 0
290 914 952 0
292 920 920 0
298 932 998 271
299 932 1050 271
304 953 1041 290
305 953 1046 290
306 955 1059 252
307 955 1011 252
308 957 972 288
309 957 957 288
313 973 1095 308
314 973 1081 308
324 992 992 0
329 1002 1041 0
335 1011 1036 0
343 1024 1024 0
344 1028 1028 0
348 1034 1034 0
349 1037 1054 335
350 1037 1037 335
351 1041 1045 0
359 1046 1090 0
360 1046 1046 351
361 1046 1064 351
363 1051 1072 299
364 1051 1071 299
365 1055 1055 349
366 1055 1091 349
368 1057 1057 0
372 1060 1095 306
373 1060 1060 306
376 1065 1088 361
377 1065 1115 361
378 1072 1072 0
379 1072 1094 364
380 1072 1094 364
381 1073 1083 0
382 1073 1134 363
383 1073 1114 363
388 1081 1081 0
389 1081 1102 0
393 1086 1110 0
395 1087 1087 0
404 1091 1101 359
405 1091 1091 359
407 1092 1152 366
408 1092 1182 366
409 1093 1093 0
415 1095 1103 0
417 1095 1096 0
418 1095 1096 0
419 1095 1126 380
420 1095 1102 380
422 1096 1121 372
423 1096 1109 372
427 1102 1122 0
428 1102 1112 404
429 1102 1112 404
431 1104 1108 415
432 1104 1104 415
441 1109 1111 0
442 1109 1120 0
449 1110 1110 0
455 1111 1128 393
456 1111 1125 393
464 1113 1123 429
465 1113 1124 429
468 1114 1116 0
478 1117 1117 468
479 1117 1117 468
487 1121 1121 442
488 1121 1124 442
490 1122 1122 0
491 1122 1149 487
492 1122 1122 487
493 1123 1126 427
494 1124 1217 0
499 1125 1132 0
500 1125 1132 465
501 1125 1132 465
506 1127 1145 419
507 1127 1255 419
514 1130 1131 1172
516 1130 1131 1172
517 1130 1133 0
518 1130 1132 0
520 1132 1132 514
525 1133 1141 500
526 1133 1155 500
527 1133 1268 499
528 1133 1168 499
529 1134 1153 0
530 1134 1238 0
531 1134 1135 0
534 1134 1138 517
535 1134 1138 517
544 1139 1167 0
545 1139 1139 0
546 1139 1140 0
548 1141 1141 0
549 1142 1155 0
554 1143 1143 0
555 1144 1144 0
556 1145 1159 0
563 1147 1176 0
566 1149 1164 0
583 1153 1153 407
584 1153 1161 407
586 1154 1167 529
587 1154 1166 529
589 1156 1156 526
590 1156 1156 526
593 1157 1165 589
594 1157 1160 589
606 1161 1191 0
625 1166 1167 0
626 1166 1166 0
627 1166 1168 593
628 1166 1170 593
633 1167 1221 587
634 1167 1176 587
637 1168 1171 626
638 1168 1176 626
639 1168 1180 544
640 1168 1225 544
641 1169 1170 0
644 1169 1185 528
645 1169 1184 528
647 1171 1187 628
648 1171 1325 628
649 1175 1176 0
652 1177 1184 563
653 1177 1178 563
654 1178 1253 0
655 1180 1181 0
656 1181 1183 639
657 1181 1216 639
665 1183 1183 408
666 1183 1251 408
668 1185 1193 645
669 1185 1201 645
670 1186 1186 0
673 1187 1201 670
674 1187 1192 670
681 1192 1192 606
682 1192 1228 606
683 1193 1198 674
684 1193 1198 674
691 1195 1197 0
692 1195 1197 0
698 1197 1348 0
700 1199 1201 0
701 1199 1221 0
702 1202 1275 0
703 1202 1246 669
704 1202 1210 669
708 1204 1204 0
719 1208 1208 0
727 1210 1221 0
732 1216 1241 0
733 1216 1216 0
738 1218 1238 494
739 1218 1238 494
742 1222 1234 633
743 1222 1243 633
744 1222 1266 701
745 1222 1247 701
753 1225 1266 0
754 1225 1225 0
759 1228 1228 0
760 1228 1249 0
762 1229 1229 0
763 1232 1232 0
764 1234 1256 0
769 1239 1258 0
771 1239 1257 0
772 1239 1336 530
773 1239 1280 530
775 1241 1261 0
776 1243 1261 0
777 1243 1290 0
785 1248 1259 745
786 1248 1249 745
787 1250 1264 760
788 1250 1293 760
793 1252 1252 0
794 1254 1293 654
795 1254 1375 654
796 1256 1271 0
799 1256 1259 507
800 1256 1358 507
802 1258 1272 771
803 1258 1272 771
804 1259 1259 0
806 1260 1289 0
807 1260 1261 799
808 1260 1265 799
810 1261 1261 0
816 1262 1272 776
817 1262 1262 810
818 1262 1273 776
819 1262 1270 810
820 1264 1264 0
821 1265 1265 0
822 1265 1375 787
823 1265 1367 787
824 1266 1270 808
825 1266 1270 808
826 1267 1281 753
827 1267 1281 753
828 1268 1288 0
836 1271 1356 0
837 1271 1274 819
838 1271 1284 819
841 1272 1272 0
843 1273 1291 0
844 1273 1287 0
848 1273 1273 816
849 1273 1273 816
852 1274 1318 849
853 1274 1375 849
854 1275 1344 837
855 1275 1348 837
858 1276 1375 702
859 1276 1375 702
864 1280 1280 0
869 1281 1281 773
870 1281 1336 773
877 1282 1287 827
878 1282 1314 827
887 1286 1298 0
890 1287 1287 0
893 1288 1288 877
894 1288 1288 877
896 1289 1292 828
897 1289 1292 828
898 1289 1290 894
899 1289 1375 894
906 1290 1298 806
907 1290 1297 806
910 1292 1307 843
911 1292 1300 843
914 1293 1375 896
915 1293 1366 896
917 1294 1294 794
918 1294 1375 794
921 1294 1375 788
922 1294 1375 788
924 1298 1315 0
925 1298 1322 0
929 1299 1375 887
930 1299 1299 887
931 1300 1304 0
942 1303 1361 0
944 1305 1375 0
945 1305 1305 0
946 1306 1306 0
949 1308 1313 910
950 1308 1325 910
951 1310 1310 0
959 1318 1348 0
961 1319 1325 852
962 1319 1319 852
963 1320 1322 962
964 1320 1321 962
966 1321 1321 0
967 1321 1345 0
970 1323 1323 0
971 1323 1331 963
972 1323 1325 963
975 1326 1331 972
976 1326 1328 972
977 1326 1326 950
978 1326 1336 950
982 1330 1330 0
986 1332 1336 971
987 1332 1336 971
994 1336 1346 0
996 1337 1375 986
997 1337 1337 986
998 1337 1366 870
999 1337 1347 870
1000 1338 1375 997
1001 1338 1339 997
1006 1341 1375 0
1010 1344 1358 0
1013 1345 1362 854
1014 1345 1356 854
1015 1347 1358 994
1016 1347 1370 994
1022 1349 1352 855
1023 1349 1366 855
1026 1352 1375 0
1027 1353 1359 1022
1028 1353 1375 1022
1036 1357 1375 836
1037 1357 1375 836
1038 1358 1375 0
1041 1359 1375 0
1042 1359 1365 800
1043 1359 1365 800
1051 1362 1362 942
1052 1362 1363 942
1056 1363 1375 1013
1057 1363 1375 1013
1058 1363 1367 1051
1059 1363 1375 1051
1062 1364 1364 0
1070 1366 1375 1042
1078 1367 1375 0
1081 1367 1372 998
1082 1367 1371 998
1085 1368 1369 0
1086 1368 1375 1058
1087 1368 1370 1058
1099 1371 1371 0
1100 1371 1375 1016
1101 1371 1375 1016
1104 1371 1375 1087
1105 1371 1375 1087
1107 1372 1375 1082
1108 1372 1373 1082
1112 1373 1375 0
1172 1109 1129 431
1173 1109 1111 431
1180 1126 1126 0
1181 1126 1126 0
1182 1127 1129 0
1183 1127 1129 0
1190 1132 1132 0
1191 1132 1132 0
1192 1133 1133 0
1193 1133 1133 0
1317 1374 1375 0
1318 1374 1375 0
