1 0 43 0
2 0 45 0
3 0 0 0
4 0 112 0
5 0 6 0
6 0 0 0
7 0 97 0
8 0 5 0
9 1 1 3
10 1 3 3
11 4 7 10
12 4 6 10
13 7 11 5
14 7 13 5
15 8 9 11
16 8 114 11
17 8 13 0
18 10 11 15
19 10 10 15
20 12 17 18
21 12 12 18
22 14 18 14
23 14 17 14
24 15 21 0
25 18 23 20
26 18 18 20
27 19 20 22
28 19 34 22
29 24 102 25
30 24 114 25
31 32 90 0
32 35 38 28
33 35 37 28
34 39 47 32
35 39 70 32
36 41 74 0
37 44 84 1
38 44 85 1
39 46 84 2
40 46 109 2
41 71 72 35
42 71 71 35
43 73 76 41
44 73 75 41
45 76 76 0
46 77 103 43
47 77 84 43
48 78 81 0
49 83 97 0
50 84 84 0
51 85 114 37
52 85 85 37
53 85 86 39
54 85 85 39
55 86 86 0
56 86 114 38
57 86 109 38
58 87 114 53
59 87 87 53
60 88 88 0
61 95 110 0
62 98 99 7
63 98 101 7
64 99 106 0
65 103 105 0
66 104 105 0
67 104 114 46
68 104 107 46
69 107 109 0
70 109 113 0
71 109 109 0
72 110 110 69
73 110 114 69
74 110 112 40
75 110 110 40
76 110 114 0
77 113 114 74
78 113 113 74
79 113 114 4
80 113 114 4
