1 0 6 0
2 0 20 0
3 0 48 0
4 0 52 0
5 0 10 0
6 0 9 0
7 0 45 0
8 0 11 0
9 0 54 0
10 0 53 0
11 0 37 0
12 0 8 0
13 0 38 0
14 0 28 0
15 0 13 0
16 0 38 0
17 0 41 0
18 0 45 0
19 0 52 0
20 0 28 0
21 0 34 0
22 0 29 0
23 0 46 0
24 0 18 0
25 0 33 0
26 0 25 0
27 0 46 0
28 0 10 0
29 0 10 0
30 7 63 1
31 7 60 1
32 9 60 12
33 9 63 12
34 10 109 6
35 10 66 6
36 11 67 29
37 11 69 29
38 11 62 5
39 11 55 5
40 11 67 28
41 11 66 28
42 12 60 8
43 12 68 8
44 14 73 15
45 14 65 15
46 19 59 24
47 19 78 24
48 21 59 2
49 21 33 2
50 26 41 26
51 26 32 26
52 29 84 20
53 29 79 20
54 29 86 14
55 29 83 14
56 30 80 22
57 30 80 22
58 34 50 25
59 34 81 25
60 35 53 21
61 35 60 21
62 38 47 11
63 38 64 11
64 39 47 16
65 39 90 16
66 39 94 13
67 39 98 13
69 42 92 17
70 42 94 17
76 46 70 18
77 46 102 18
78 46 66 7
79 46 61 7
80 47 104 23
81 47 83 23
82 47 101 27
83 47 109 27
85 49 81 3
86 49 69 3
89 53 87 19
90 53 104 19
91 53 77 4
92 53 109 4
94 54 108 10
95 54 109 10
98 55 109 9
99 55 107 9
100 61 109 31
101 61 109 31
102 61 98 42
103 61 109 42
104 61 72 32
105 61 84 32
109 63 109 38
110 63 85 38
111 64 109 30
112 64 109 30
113 66 109 45
114 66 109 45
115 67 67 0
118 67 109 35
119 67 109 41
120 67 109 35
121 67 109 41
123 68 109 40
124 68 109 40
125 68 109 36
126 68 109 36
129 69 109 43
130 69 109 43
132 70 71 0
133 70 109 37
134 70 80 37
145 74 109 44
146 74 109 44
155 79 109 47
156 79 109 47
157 80 109 53
158 80 109 53
159 81 109 57
160 81 109 57
161 81 109 56
162 81 109 56
163 81 109 134
164 81 109 134
165 83 102 0
166 84 84 0
167 84 102 55
168 84 109 55
169 85 85 0
170 85 85 0
171 85 109 52
172 85 109 52
173 86 109 0
174 87 109 54
175 87 109 54
176 92 93 0
177 93 109 69
178 93 109 69
179 94 109 0
180 95 109 66
181 95 109 66
182 99 99 0
183 99 109 67
184 99 109 67
185 101 109 0
186 102 109 82
187 102 106 82
188 103 103 0
191 103 109 77
192 103 109 77
193 103 109 165
194 103 109 165
197 105 105 0
198 105 105 90
199 105 109 80
200 105 109 90
201 105 109 80
202 106 109 198
203 106 109 198
207 108 109 99
208 108 109 99
209 109 109 94
210 109 109 94
