1 0 20 0
2 0 46 0
3 0 52 0
4 0 8 0
5 0 34 0
6 0 28 0
7 0 10 0
8 0 18 0
9 0 44 0
10 0 9 0
11 0 38 0
12 0 48 0
13 0 13 0
14 0 38 0
15 0 6 0
16 0 29 0
17 0 44 0
18 0 28 0
19 0 45 0
20 0 10 0
21 0 53 0
22 0 11 0
23 0 41 0
24 0 54 0
25 0 51 0
26 0 10 0
27 0 33 0
28 0 45 0
29 0 25 0
30 0 37 0
31 7 60 15
32 7 60 15
33 9 46 4
34 9 64 4
35 10 63 10
36 10 57 10
37 11 61 7
38 11 66 7
39 11 69 20
40 11 58 20
41 11 66 26
42 11 49 26
43 12 66 22
44 12 61 22
45 14 69 13
46 14 69 13
47 19 74 8
48 19 74 8
49 21 30 1
50 21 73 1
51 26 76 29
52 26 40 29
53 29 76 6
54 29 76 6
55 29 109 18
56 29 82 18
57 30 84 16
58 30 70 16
59 34 57 27
60 34 69 27
61 35 72 5
62 35 59 5
63 38 60 30
64 38 39 30
65 39 91 11
66 39 94 11
67 39 40 14
68 39 81 14
69 42 96 23
70 42 92 23
71 45 87 9
72 45 52 9
73 45 45 17
74 45 46 17
75 46 70 19
76 46 56 19
77 46 82 28
78 46 60 28
79 47 88 2
80 47 107 2
81 47 108 74
82 47 71 74
83 49 54 12
84 49 105 12
85 52 96 25
86 52 68 25
87 53 86 3
88 53 102 3
89 54 69 21
90 54 107 21
91 55 109 24
92 55 106 24
93 58 109 36
94 58 109 36
95 59 109 40
96 59 108 40
97 61 109 31
98 61 107 31
99 61 109 32
100 61 94 32
101 62 66 37
102 62 62 37
103 62 109 44
104 62 109 44
105 64 109 35
106 64 109 35
107 65 109 34
108 65 109 34
109 67 109 101
110 67 109 101
111 67 109 38
112 67 109 38
113 67 74 43
114 67 109 43
115 67 109 41
116 67 109 41
117 70 109 45
118 70 88 45
119 70 109 46
120 70 109 46
121 70 109 39
122 70 109 39
123 71 91 58
124 71 107 58
125 74 74 50
126 74 75 50
127 75 98 48
128 75 106 48
129 75 109 47
130 75 109 47
131 76 80 126
132 76 90 126
133 76 95 0
134 77 109 54
135 77 109 54
136 77 96 51
137 77 82 51
138 80 101 0
139 83 109 56
140 83 109 56
141 83 109 56
142 84 98 0
143 85 109 57
144 85 109 57
145 89 109 118
146 89 109 118
147 92 92 65
148 92 93 65
149 92 92 123
150 92 93 123
151 93 93 70
152 93 97 70
153 94 109 148
154 94 109 148
155 94 109 150
156 94 107 150
157 96 109 133
158 96 106 133
159 97 97 69
160 97 101 69
161 98 99 152
162 98 98 152
163 100 109 161
164 100 109 161
165 102 103 138
166 102 102 138
167 102 109 160
168 102 109 160
169 103 104 88
170 103 103 88
171 104 109 165
172 104 109 165
173 105 106 169
174 105 109 169
175 108 109 0
176 108 108 98
177 108 109 98
178 108 109 124
179 108 108 124
180 108 109 90
181 108 109 90
182 109 109 0
183 109 109 81
184 109 109 81
185 109 109 96
186 109 109 96
