1 0 19 0
2 0 62 0
3 0 32 0
4 0 23 0
5 0 76 0
6 0 63 0
7 0 49 0
8 0 20 0
9 0 38 0
10 0 66 0
11 0 72 0
12 0 141 0
13 0 198 0
14 0 71 0
15 0 19 0
16 0 32 0
17 0 45 0
18 0 179 0
19 0 35 0
20 0 28 0
21 0 68 0
22 0 43 0
23 0 299 0
24 0 60 0
25 0 36 0
26 0 30 0
27 0 124 0
28 0 23 0
29 0 123 0
30 0 20 0
31 0 129 0
32 0 35 0
33 0 88 0
34 0 149 0
35 0 52 0
36 0 105 0
37 0 62 0
38 0 72 0
39 0 74 0
40 0 247 0
41 0 2 0
42 0 150 0
43 0 51 0
44 0 299 0
45 0 21 0
46 0 193 0
47 0 17 0
48 0 132 0
49 0 3 0
51 0 14 0
52 0 42 0
53 0 36 0
54 0 100 0
55 0 136 0
56 0 52 0
57 0 56 0
58 0 74 0
59 0 102 0
60 0 102 0
61 0 88 0
62 0 31 0
63 0 54 0
64 0 57 0
66 1 280 0
67 2 10 0
68 2 2 0
69 3 254 0
70 3 3 0
71 3 77 41
72 3 74 41
76 4 59 49
77 4 34 49
84 10 22 0
85 13 13 0
86 14 14 0
87 15 98 51
88 15 98 51
89 16 16 0
90 18 18 0
91 18 95 47
92 18 92 47
93 19 19 0
94 20 73 1
95 20 106 15
96 20 101 1
97 20 64 15
100 21 21 0
101 21 120 30
102 21 203 30
103 22 22 0
104 22 90 45
105 22 85 45
108 23 23 0
110 24 24 0
111 24 240 4
112 24 119 28
113 24 65 4
114 24 101 28
115 25 25 0
116 26 26 0
119 27 27 0
120 28 36 0
121 28 28 0
122 29 30 0
123 29 129 20
124 29 115 20
126 31 31 0
127 31 31 26
128 31 181 26
129 32 32 0
131 33 33 0
132 33 85 16
133 33 51 16
134 34 34 0
141 35 37 0
144 35 136 77
145 35 117 77
146 36 39 0
147 36 52 0
148 36 223 19
149 36 107 19
150 36 123 32
151 36 128 32
152 37 93 53
153 37 153 53
154 37 102 25
155 37 103 25
156 38 38 0
160 39 39 0
161 39 40 0
162 39 142 9
163 39 109 9
165 40 40 0
166 40 91 0
169 41 60 0
170 41 41 0
171 42 43 0
172 43 43 0
173 43 109 52
174 43 113 52
175 44 44 0
176 44 236 22
177 44 136 22
179 45 45 0
180 45 45 0
184 46 63 17
185 46 51 17
186 48 48 0
187 48 48 0
193 49 49 0
194 49 50 0
195 50 108 0
196 50 50 7
197 50 127 7
200 51 51 0
207 52 52 0
209 52 128 43
211 52 137 43
213 53 56 0
214 53 53 0
215 53 159 56
216 53 95 56
217 54 69 0
218 54 54 0
219 55 139 0
220 55 55 0
221 56 58 0
222 56 92 0
225 57 67 57
226 57 68 57
229 58 59 64
230 58 103 64
234 60 142 76
235 60 198 76
237 61 61 0
238 61 118 169
239 61 79 169
240 61 85 24
241 61 146 24
246 63 66 0
247 63 145 2
250 63 141 2
254 64 67 0
255 64 171 0
256 64 143 6
257 64 156 6
258 64 69 184
259 64 70 184
273 66 72 113
274 66 108 113
277 67 123 10
278 67 163 10
280 68 87 225
281 68 188 225
284 69 198 21
285 69 171 21
286 71 73 0
287 71 141 0
290 71 185 259
291 71 91 259
294 72 72 0
295 72 105 0
296 72 157 14
297 72 254 14
298 73 90 0
299 73 77 0
300 73 99 273
301 73 99 273
304 73 141 38
305 73 138 38
306 73 142 11
307 73 202 11
312 75 77 0
313 75 170 39
314 75 274 39
315 75 75 58
316 75 147 58
321 77 81 5
322 77 82 5
323 78 78 0
324 78 82 0
325 78 81 71
326 78 155 71
327 79 80 0
331 81 81 0
332 81 86 0
333 81 81 0
334 81 81 0
340 82 82 0
341 82 82 0
342 82 141 0
343 82 86 0
344 82 82 0
345 82 82 0
346 82 136 321
347 82 141 321
349 83 185 0
350 83 83 0
351 83 83 0
352 83 84 0
353 83 83 0
356 84 84 0
357 84 141 0
360 84 84 350
361 84 84 351
362 84 87 350
363 84 85 351
366 85 85 0
367 85 85 0
368 85 85 0
369 85 85 0
370 85 85 0
371 85 85 0
372 85 88 0
373 85 85 0
374 85 85 0
375 85 85 0
376 85 85 341
377 85 85 341
378 85 85 344
379 85 85 344
382 86 86 0
383 86 86 0
384 86 86 0
385 86 86 0
386 86 86 0
387 86 86 0
388 86 86 0
391 86 103 132
392 86 87 132
393 86 149 240
394 86 86 240
399 86 88 105
401 86 89 105
408 87 117 0
409 87 87 0
410 87 87 0
411 87 88 0
412 87 87 0
414 87 87 0
415 87 87 0
416 87 87 0
417 87 138 0
418 87 87 343
419 87 87 343
422 88 89 0
423 88 89 0
424 88 88 0
425 88 88 0
426 88 88 0
427 88 88 0
428 88 88 392
429 88 107 392
434 89 91 0
435 89 89 0
438 89 150 33
439 89 97 61
440 89 177 33
441 89 136 61
442 90 94 0
443 90 90 0
444 90 90 0
445 90 90 0
451 91 91 0
452 91 91 0
453 91 91 0
454 91 91 0
455 91 91 0
456 91 91 0
457 91 91 0
458 91 91 0
459 91 91 0
460 91 91 0
461 91 91 0
465 92 92 0
466 92 93 0
467 92 92 0
468 92 92 0
471 92 230 291
472 92 181 291
473 92 103 166
474 92 128 166
477 93 93 0
478 93 95 0
479 93 94 0
480 93 94 0
481 93 119 222
482 93 103 222
484 94 94 0
485 94 94 0
486 94 136 152
487 94 95 152
492 95 101 0
493 95 96 0
494 95 242 0
495 95 182 0
503 96 97 0
504 96 98 91
505 96 158 91
508 96 202 216
509 96 97 216
512 97 97 0
520 98 175 0
521 98 98 0
522 98 98 0
523 98 98 0
532 99 99 0
535 99 160 87
536 99 163 87
537 99 104 504
538 99 149 88
539 99 156 504
540 99 151 88
542 100 104 0
545 100 120 0
547 101 121 0
551 101 192 54
553 101 194 54
556 102 102 0
557 102 217 114
558 102 159 114
559 102 154 96
560 102 299 96
561 103 103 0
562 103 174 154
563 103 216 154
565 103 126 59
566 103 177 60
568 103 104 59
569 103 194 60
570 104 104 0
571 104 106 0
572 104 169 155
573 104 175 155
575 105 105 0
576 105 189 568
577 105 142 568
578 105 150 542
580 105 153 537
581 105 143 542
583 105 170 537
584 106 106 0
585 106 172 36
586 106 156 36
588 107 107 0
589 107 108 0
590 107 205 0
591 107 177 95
592 107 179 95
593 108 111 0
594 108 174 0
599 108 183 429
600 108 172 149
601 108 126 429
602 108 176 149
605 109 112 0
606 109 113 0
607 109 119 274
608 109 137 274
609 109 189 195
610 109 179 195
612 110 183 163
613 110 123 163
614 110 132 173
615 110 146 173
627 112 112 0
629 113 113 0
634 114 114 0
635 114 121 0
638 114 118 174
639 114 116 174
647 116 216 124
648 116 201 124
656 117 181 0
663 118 120 0
674 118 166 408
675 118 185 408
676 118 127 145
677 118 201 145
680 119 125 0
683 119 179 238
684 119 173 638
685 119 254 238
686 119 177 638
689 120 164 607
690 120 158 607
694 120 214 112
695 120 246 481
698 120 223 112
699 120 186 481
704 121 125 0
705 121 135 101
706 121 181 101
707 121 178 663
708 121 134 663
714 122 125 547
715 122 148 547
717 123 299 0
727 124 130 277
728 124 172 277
731 124 139 613
732 124 210 29
733 124 299 150
734 124 245 613
735 124 278 29
736 124 206 150
739 125 187 27
740 125 188 27
742 127 127 0
745 127 179 601
746 127 152 601
748 128 237 197
749 128 201 197
750 128 194 676
752 128 196 676
757 129 203 209
758 129 205 209
760 129 205 151
762 129 208 151
764 130 131 0
765 130 298 123
766 130 245 123
769 130 213 31
770 130 218 31
785 133 219 48
786 133 217 614
788 133 264 48
789 133 136 614
794 135 136 0
795 136 136 0
798 136 204 705
799 136 193 705
801 137 187 0
804 137 222 177
805 137 247 177
806 137 205 486
807 137 243 486
808 137 204 144
809 137 215 144
810 137 242 55
811 137 299 55
812 137 173 441
813 137 142 441
815 137 200 346
816 137 264 346
818 138 173 608
819 138 225 211
820 138 157 608
821 138 218 211
826 139 284 305
827 139 206 305
830 140 140 0
831 140 287 219
832 140 218 219
836 142 204 0
837 142 156 0
838 142 205 0
839 142 206 342
840 142 149 342
841 142 149 287
842 142 150 287
843 142 296 250
844 142 205 347
845 142 189 12
846 142 212 304
847 142 207 250
848 142 204 347
849 142 240 12
850 142 202 304
851 143 150 0
852 143 299 0
853 143 250 162
854 143 259 162
855 143 144 306
856 143 210 306
859 143 273 234
860 143 299 234
863 143 154 577
864 143 144 577
869 144 265 256
870 144 299 256
875 144 168 581
876 144 151 581
883 145 210 855
884 145 226 864
885 145 195 855
886 145 203 864
890 146 173 0
899 147 172 615
900 147 189 615
901 147 250 241
902 147 225 241
903 148 148 0
910 148 182 316
911 148 299 316
915 149 149 0
916 149 191 715
917 149 150 715
919 150 212 393
920 150 211 393
921 150 207 538
922 150 212 538
923 150 200 840
924 150 219 34
925 150 241 841
926 150 199 840
927 150 252 34
928 150 165 841
933 151 287 0
934 151 161 0
935 151 168 0
936 151 204 42
937 151 201 42
938 151 225 578
939 151 218 438
940 151 209 578
941 151 202 438
949 152 209 540
952 152 205 540
955 153 155 0
956 153 155 0
957 153 153 0
958 153 153 0
959 153 156 0
965 154 154 0
966 154 154 0
967 154 154 0
968 154 154 0
969 154 154 580
970 154 168 580
978 155 155 0
979 155 155 0
986 155 161 559
987 155 210 559
992 156 156 0
993 156 156 0
994 156 156 0
995 156 156 0
996 156 156 0
997 156 156 0
998 156 208 326
999 156 218 326
1005 157 157 0
1006 157 282 0
1007 157 157 0
1008 157 157 0
1009 157 165 586
1010 157 172 586
1013 157 206 539
1014 157 193 539
1018 157 243 257
1019 157 266 959
1020 157 241 257
1021 157 249 959
1025 158 158 0
1026 158 158 0
1027 158 164 0
1028 158 158 0
1029 158 158 0
1030 158 158 0
1031 158 299 296
1032 158 297 296
1035 158 297 820
1038 158 240 820
1044 159 159 0
1045 159 159 0
1046 159 159 0
1047 159 159 0
1049 159 210 690
1050 159 210 690
1051 159 216 505
1052 159 244 505
1059 160 166 558
1060 160 219 558
1066 161 232 535
1067 161 228 535
1070 161 161 1044
1071 161 161 1044
1076 162 162 0
1077 162 162 0
1078 162 162 0
1079 162 162 0
1080 162 162 0
1081 162 162 0
1082 162 299 0
1092 163 163 0
1093 163 163 0
1094 163 163 0
1095 163 163 0
1103 164 196 0
1104 164 164 0
1105 164 164 0
1106 164 164 0
1107 164 164 0
1110 164 263 278
1111 164 299 278
1117 164 237 536
1118 164 249 536
1125 165 165 0
1126 165 165 0
1127 165 165 0
1128 165 165 0
1129 165 165 0
1133 165 179 1027
1134 165 235 1027
1139 166 166 0
1140 166 166 0
1141 166 166 0
1142 166 180 0
1143 166 166 0
1144 166 166 0
1145 166 166 0
1146 166 166 0
1149 166 299 928
1150 166 242 928
1155 167 167 0
1156 167 167 0
1157 167 167 0
1158 167 229 0
1159 167 167 0
1160 167 167 0
1161 167 242 1059
1162 167 299 1059
1165 167 299 0
1166 167 214 674
1167 167 225 674
1170 168 193 0
1171 168 169 0
1172 168 250 0
1173 168 168 0
1174 168 169 0
1176 168 169 0
1177 168 168 0
1183 169 169 0
1184 169 169 0
1185 169 211 875
1186 169 207 875
1187 169 210 970
1188 169 278 970
1192 169 278 935
1194 169 199 935
1196 170 170 0
1197 170 299 572
1198 170 233 572
1200 171 171 0
1201 171 233 583
1202 171 228 583
1203 171 274 313
1204 171 268 313
1207 172 257 285
1210 172 258 285
1219 173 238 600
1220 173 230 600
1221 173 173 1010
1222 173 182 1010
1224 174 174 0
1226 174 176 818
1227 174 191 818
1228 174 199 684
1229 174 229 684
1232 174 242 812
1233 174 244 812
1236 174 190 1221
1238 174 191 1221
1241 175 175 0
1242 175 252 594
1243 175 299 594
1244 175 240 562
1245 175 257 562
1247 176 176 0
1248 176 176 0
1252 176 226 0
1253 176 260 573
1254 176 257 573
1257 176 258 520
1258 176 238 520
1264 177 177 0
1265 177 299 1226
1266 177 204 1226
1269 177 241 602
1271 177 292 602
1278 178 235 686
1279 178 238 686
1284 178 178 566
1285 178 178 566
1287 178 240 591
1288 178 241 440
1290 178 253 591
1291 178 299 440
1293 179 179 0
1303 179 201 1284
1304 179 179 1284
1306 179 236 707
1307 179 239 707
1310 180 180 0
1311 180 180 0
1312 180 180 0
1313 180 189 0
1314 180 180 0
1315 180 180 683
1316 180 239 683
1319 180 239 745
1320 180 213 745
1321 180 260 610
1322 180 258 610
1323 180 235 1133
1324 180 299 1133
1326 180 236 592
1327 180 273 18
1329 180 241 592
1330 180 299 18
1331 181 181 0
1332 181 181 0
1333 181 181 0
1334 181 242 1315
1335 181 274 1315
1338 181 288 1142
1339 181 274 1142
1341 182 229 0
1342 182 182 0
1343 182 182 0
1344 182 258 706
1345 182 240 706
1346 182 292 472
1347 182 184 472
1349 183 190 0
1350 183 299 495
1352 183 272 495
1355 184 184 0
1356 184 184 0
1357 184 189 612
1358 184 256 599
1359 184 251 612
1360 184 199 599
1369 186 237 0
1370 186 186 0
1375 186 298 290
1376 186 215 290
1377 186 299 675
1379 186 187 349
1381 186 245 675
1383 186 191 349
1390 187 188 699
1391 187 299 699
1397 188 188 0
1400 188 191 1379
1401 188 191 1379
1402 188 264 739
1403 188 252 801
1404 188 299 739
1405 188 261 801
1408 189 189 0
1409 189 189 0
1416 189 245 740
1417 189 218 740
1418 189 251 1390
1419 189 247 1390
1425 190 190 0
1426 190 206 0
1427 190 252 1357
1428 190 266 1357
1429 190 299 845
1430 190 204 845
1431 190 220 900
1432 190 257 900
1433 190 215 576
1434 190 252 576
1435 190 257 609
1438 190 259 609
1445 191 254 1236
1446 191 299 1236
1456 192 242 1238
1457 192 239 1238
1459 192 220 0
1461 193 225 0
1462 193 193 0
1467 193 257 551
1468 193 219 551
1471 194 194 0
1472 194 267 799
1473 194 249 799
1474 194 297 46
1475 194 299 46
1477 195 221 0
1478 195 195 0
1483 195 199 750
1484 195 196 750
1485 195 267 553
1486 195 268 553
1492 196 247 0
1493 196 299 885
1494 196 262 885
1498 197 220 0
1499 197 211 0
1500 197 299 0
1507 198 264 0
1519 199 205 284
1520 199 204 235
1521 199 296 284
1522 199 215 235
1529 200 233 0
1530 200 207 1483
1531 200 213 1483
1534 200 297 926
1535 200 299 926
1544 201 202 0
1545 201 299 0
1546 201 201 0
1549 201 299 815
1550 201 207 815
1553 201 213 923
1555 201 299 923
1561 202 202 0
1564 202 202 677
1565 202 269 677
1566 202 280 1303
1567 202 297 1303
1568 202 299 937
1569 202 286 937
1575 203 205 0
1576 203 262 307
1577 203 261 307
1580 203 271 850
1581 203 268 850
1582 203 299 508
1583 203 286 508
1584 203 275 941
1585 203 299 1564
1586 203 291 941
1587 203 294 1564
1592 204 265 0
1593 204 269 0
1600 204 286 102
1601 204 294 102
1603 204 272 757
1604 204 278 757
1605 204 285 886
1606 204 238 886
1610 205 239 0
1613 205 233 1430
1614 205 216 1430
1615 205 299 936
1617 205 299 936
1618 205 206 836
1619 205 251 836
1620 205 222 1266
1621 205 278 848
1622 205 238 798
1623 205 268 1520
1624 205 213 1266
1625 205 270 848
1626 205 271 798
1627 205 235 1520
1628 206 208 0
1631 206 299 844
1633 206 278 844
1634 206 299 590
1635 206 206 590
1637 206 288 758
1638 206 279 758
1639 206 273 838
1640 206 296 760
1641 206 295 806
1642 206 284 838
1643 206 211 760
1644 206 299 806
1647 207 268 0
1648 207 231 0
1654 207 273 736
1655 207 283 736
1656 207 213 1013
1657 207 223 1013
1658 207 207 1618
1659 207 251 1618
1660 207 214 839
1662 207 213 827
1663 207 254 839
1665 207 299 827
1671 208 299 847
1672 208 266 847
1673 208 214 1186
1674 208 239 1186
1679 208 276 1530
1680 208 208 1530
1682 208 267 1550
1685 208 269 1550
1690 209 211 0
1691 209 299 0
1692 209 299 0
1695 209 218 1680
1696 209 265 1680
1699 209 290 998
1700 209 299 762
1703 209 283 998
1704 209 281 762
1708 210 238 0
1709 210 263 0
1710 210 211 0
1711 210 285 0
1712 210 288 940
1713 210 299 940
1716 210 211 949
1717 210 215 949
1730 211 281 1049
1731 211 243 1049
1732 211 255 883
1733 211 256 883
1734 211 212 732
1735 211 299 732
1736 211 228 1187
1737 211 211 1187
1740 211 275 987
1741 211 282 1050
1742 211 220 856
1743 211 287 987
1744 211 299 1050
1745 211 216 856
1751 212 299 920
1753 212 299 920
1756 212 285 1643
1757 212 273 1643
1758 212 279 1499
1759 212 213 1499
1760 212 299 1185
1761 212 275 1716
1763 212 285 1185
1764 212 212 1716
1767 213 253 0
1770 213 272 1734
1771 213 297 1734
1772 213 272 1764
1773 213 217 1764
1776 213 230 919
1777 213 285 846
1778 213 214 922
1779 213 278 919
1780 213 243 846
1781 213 244 922
1787 214 235 1624
1788 214 230 1624
1789 214 250 1553
1790 214 264 1553
1791 214 287 769
1792 214 289 769
1795 214 299 1662
1796 214 274 1662
1805 215 287 1660
1807 215 299 1660
1810 215 295 694
1811 215 274 1166
1812 215 291 694
1813 215 290 1166
1819 216 221 0
1822 216 299 1376
1823 216 252 1376
1826 216 299 1717
1827 216 268 1717
1830 217 259 0
1831 217 234 1614
1832 217 239 1614
1833 217 272 647
1834 217 276 647
1835 217 281 1051
1836 217 237 1051
1837 217 255 1745
1838 217 288 563
1840 217 258 1745
1841 217 276 563
1849 218 298 557
1850 218 299 557
1853 218 280 786
1854 218 285 786
1855 218 279 1773
1856 218 299 1773
1860 219 220 832
1861 219 299 832
1864 219 288 1417
1865 219 299 1417
1866 219 291 770
1867 219 284 770
1871 219 238 939
1872 219 299 821
1873 219 221 1695
1875 219 225 939
1876 219 299 821
1877 219 231 1695
1883 220 299 785
1884 220 299 785
1885 220 299 1060
1886 220 287 924
1889 220 295 1468
1891 220 238 1060
1892 220 298 924
1895 220 298 1468
1910 221 299 1860
1911 221 277 1431
1913 221 297 1860
1914 221 254 1431
1919 222 222 1819
1920 222 258 1819
1924 223 258 0
1929 223 299 804
1930 223 299 804
1933 224 262 0
1934 224 226 0
1935 224 297 148
1936 224 299 148
1938 224 291 698
1939 224 289 698
1944 224 299 1657
1945 224 299 1657
1963 226 284 0
1968 226 299 938
1969 226 299 819
1970 226 299 1461
1971 226 299 1167
1972 226 270 938
1973 226 293 819
1974 226 242 1461
1975 226 297 1167
1979 227 248 0
1982 227 289 1252
1983 227 299 1252
1992 228 240 0
2002 229 265 0
2009 229 299 1202
2010 229 229 1202
2011 229 244 1736
2012 229 286 1736
2013 229 299 1067
2014 229 244 1067
2018 230 264 0
2019 230 299 0
2020 230 231 1341
2022 230 297 1341
2023 230 299 1229
2024 230 293 1229
2027 230 299 1158
2030 230 272 1158
2036 231 233 0
2038 231 246 1788
2039 231 233 1788
2040 231 241 1220
2041 231 243 1220
2042 231 246 1776
2043 231 289 1776
2047 232 260 0
2050 232 235 2020
2051 232 282 2020
2052 232 299 1877
2053 232 247 1877
2065 233 299 1066
2066 233 249 1066
2070 234 299 0
2071 234 255 0
2072 234 258 1613
2073 234 245 1613
2074 234 275 1529
2075 234 274 1529
2080 234 299 1201
2083 234 299 1201
2087 235 252 0
2088 235 241 0
2091 235 253 1831
2092 235 264 1831
2110 236 299 2050
2111 236 237 2050
2112 236 247 1627
2113 236 299 1627
2114 236 299 1323
2115 236 299 1323
2116 236 261 1134
2117 236 299 1134
2118 236 252 1278
2119 236 299 1278
2128 237 299 1326
2129 237 299 1326
2130 237 299 176
2131 237 245 176
2134 237 299 1306
2135 237 299 1306
2146 238 299 748
2147 238 299 748
2152 238 299 1836
2153 238 241 1836
2154 238 299 1117
2155 238 271 1117
2157 238 250 1369
2162 238 239 1369
2170 239 244 0
2173 239 276 1871
2174 239 299 1871
2181 239 288 1606
2182 239 292 1606
2183 239 299 1219
2184 239 299 1891
2185 239 299 1708
2186 239 299 1279
2187 239 255 1258
2188 239 299 1219
2189 239 290 1891
2190 239 244 1708
2191 239 299 1279
2192 239 299 1258
2196 240 254 0
2197 240 248 0
2198 240 287 1674
2199 240 287 1674
2200 240 299 1319
2201 240 299 1319
2206 240 251 1457
2207 240 240 1457
2208 240 299 1307
2209 240 299 1307
2212 240 251 1610
2213 240 251 1610
2214 240 299 1316
2215 240 299 1316
2218 241 299 1345
2219 241 299 1345
2220 241 299 2207
2221 241 299 2207
2224 241 299 849
2225 241 250 1287
2226 241 299 1244
2227 241 299 849
2228 241 299 1287
2229 241 299 1244
2235 242 259 925
2236 242 299 925
2237 242 299 1020
2238 242 299 1269
2239 242 299 2040
2241 242 299 1329
2242 242 299 1288
2244 242 299 1020
2245 242 258 1269
2246 242 297 2040
2248 242 299 1329
2249 242 262 1288
2255 243 275 0
2256 243 299 1334
2257 243 299 1334
2262 243 259 1456
2263 243 299 1456
2264 243 299 1974
2265 243 299 1974
2266 243 299 810
2267 243 299 810
2271 243 299 1161
2273 243 299 494
2274 243 299 1232
2275 243 246 1150
2276 243 299 1161
2278 243 299 494
2279 243 258 1232
2280 243 273 1150
2298 244 299 1018
2299 244 299 807
2300 244 297 1018
2301 244 299 807
2308 245 252 0
2309 245 287 0
2312 245 299 2011
2313 245 251 2011
2316 245 298 1233
2317 245 299 1233
2320 245 299 1052
2323 245 299 1052
2328 246 279 2131
2329 246 287 2131
2331 246 266 1381
2332 246 264 1381
2333 246 299 766
2334 246 299 1416
2336 246 299 766
2337 246 262 1416
2342 247 294 2042
2343 247 297 2042
2348 247 292 2038
2349 247 299 695
2350 247 296 2038
2351 247 299 695
2362 248 299 1419
2363 248 252 1419
2364 248 299 2053
2365 248 275 2053
2366 248 265 2112
2367 248 299 2112
2370 248 299 805
2371 248 299 40
2373 248 248 1492
2376 248 299 805
2377 248 299 40
2379 248 269 1492
2397 250 299 0
2398 250 250 0
2407 250 270 1118
2408 250 298 1118
2409 250 299 2066
2410 250 285 2066
2413 250 299 4005
2414 250 270 4005
2415 250 299 1021
2416 250 299 1021
2421 250 299 1473
2424 250 299 1473
2431 251 283 1789
2433 251 299 1789
2436 251 253 2157
2437 251 299 2157
2438 251 271 853
2439 251 299 2225
2440 251 299 1172
2442 251 299 901
2443 251 299 853
2444 251 299 2225
2445 251 299 1172
2447 251 285 901
2452 252 256 2212
2453 252 297 0
2454 252 252 1359
2455 252 299 1359
2456 252 299 1418
2457 252 299 1418
2458 252 266 1659
2459 252 293 1659
2461 252 299 2313
2462 252 299 1619
2464 252 299 2313
2465 252 299 1619
2468 253 299 0
2471 253 299 1427
2472 253 299 1427
2473 253 263 2454
2474 253 299 2454
2475 253 299 927
2476 253 299 927
2477 253 299 2363
2478 253 299 2363
2484 253 293 2118
2485 253 299 2118
2490 253 299 1823
2491 253 299 1403
2492 253 282 1434
2493 253 299 1242
2496 253 299 1823
2497 253 299 1403
2498 253 272 1434
2499 253 262 1242
2505 254 264 0
2506 254 254 0
2507 254 260 2091
2508 254 276 1290
2509 254 299 2091
2510 254 299 1290
2511 255 263 0
2512 255 293 0
2517 255 299 297
2518 255 299 297
2519 255 299 2196
2520 255 255 2196
2525 255 257 1914
2526 255 299 1914
2528 255 299 685
2529 255 299 69
2531 255 299 685
2532 255 299 69
2540 256 278 0
2541 256 258 0
2542 256 258 0
2543 256 299 1732
2544 256 291 1732
2545 256 299 1837
2546 256 299 1837
2560 257 299 1733
2561 257 299 1733
2564 257 299 1358
2565 257 299 1358
2572 258 299 1254
2573 258 299 1254
2574 258 299 1245
2575 258 299 1245
2576 258 299 1467
2577 258 299 1467
2579 258 272 2525
2580 258 299 2525
2585 258 299 1435
2586 258 299 1207
2588 258 299 1435
2589 258 299 1207
2594 259 262 0
2595 259 299 2072
2596 259 260 2072
2601 259 299 2279
2602 259 299 2279
2603 259 263 1840
2604 259 299 1322
2605 259 299 1210
2606 259 299 1344
2607 259 282 1840
2608 259 299 1322
2609 259 299 1210
2610 259 299 1344
2615 260 299 854
2616 260 299 854
2621 260 299 2262
2622 260 260 2262
2625 260 299 1830
2626 260 299 1830
2633 260 299 1438
2636 260 299 1438
2640 261 297 0
2641 261 299 1253
2642 261 299 1253
2647 261 299 0
2648 261 293 0
2652 261 299 2047
2653 261 299 2507
2654 261 299 1321
2655 261 261 2622
2657 261 299 2047
2658 261 299 2507
2659 261 299 1321
2660 261 299 2622
2663 262 264 1577
2664 262 299 1577
2665 262 299 2655
2666 262 299 2655
2672 262 299 1405
2674 262 285 2116
2678 262 299 1405
2680 262 294 2116
2686 263 299 0
2687 263 267 0
2688 263 276 0
2692 263 299 1576
2693 263 299 1576
2696 263 299 2337
2697 263 299 2337
2700 263 264 2499
2701 263 266 2499
2702 263 299 1933
2703 263 269 1933
2705 263 299 1494
2709 263 299 1494
2723 264 286 1110
2724 264 286 1110
2725 264 299 2473
2726 264 299 2473
2727 264 299 1709
2728 264 299 1709
2737 265 293 0
2738 265 299 816
2739 265 299 816
2740 265 299 1402
2741 265 299 1402
2742 265 276 2332
2743 265 299 2332
2744 265 299 788
2745 265 299 788
2748 265 284 2018
2749 265 299 2018
2750 265 299 2663
2752 265 299 1507
2753 265 299 2663
2755 265 299 1507
2763 266 297 0
2764 266 299 1592
2765 266 299 1592
2768 266 299 869
2769 266 299 869
2776 266 266 2002
2777 266 299 2002
2781 266 299 1696
2785 266 287 1696
2792 267 299 0
2807 267 299 2458
2809 267 299 2458
2812 267 299 1428
2815 267 299 2701
2816 267 299 1428
2819 267 299 2701
2823 268 299 0
2824 268 299 0
2827 268 299 1472
2828 268 299 1472
2833 268 299 1485
2834 268 299 1485
2837 268 275 1682
2838 268 299 1682
2844 269 273 0
2846 269 299 1204
2847 269 299 1204
2850 269 299 1647
2851 269 299 1647
2853 269 299 1581
2854 269 270 1827
2856 269 299 1486
2857 269 295 1623
2859 269 299 1581
2860 269 288 1827
2862 269 299 1486
2863 269 299 1623
2871 270 275 0
2872 270 299 0
2873 270 276 0
2875 270 299 1593
2876 270 299 1593
2877 270 299 1685
2878 270 299 1685
2881 270 299 1565
2882 270 299 1565
2883 270 299 2703
2884 270 299 2703
2891 271 289 1972
2892 271 299 1972
2899 271 299 1625
2900 271 299 2854
2903 271 299 1625
2904 271 299 2854
2911 272 299 2438
2912 272 299 2438
2913 272 285 1580
2915 272 277 1580
2927 273 292 0
2930 273 299 1833
2931 273 299 1833
2932 273 287 1352
2933 273 299 1352
2936 273 299 2579
2937 273 289 2579
2938 273 299 2498
2939 273 299 2498
2940 273 293 2030
2941 273 299 1770
2942 273 299 1603
2943 273 275 2030
2944 273 280 1770
2945 273 299 1603
2954 274 299 0
2959 274 285 1327
2960 274 299 1327
2965 274 299 1654
2966 274 299 1654
2967 274 299 1757
2968 274 299 1757
2971 274 299 859
2972 274 283 859
2973 274 299 2280
2974 274 299 2280
2975 274 299 1639
2977 274 299 1639
2986 275 282 0
2987 275 299 0
2990 275 283 1335
2991 275 299 1335
2994 275 297 1339
2995 275 292 1339
2998 275 299 1796
2999 275 299 1796
3000 275 299 314
3001 275 299 314
3002 275 299 1811
3003 275 299 1811
3007 275 299 2075
3008 275 299 1203
3011 275 298 2075
3012 275 299 1203
3020 276 299 2837
3021 276 299 2837
3022 276 299 1584
3023 276 284 1584
3026 276 299 2255
3027 276 299 2255
3037 276 283 1761
3038 276 299 1761
3041 276 299 1740
3043 276 277 2365
3044 276 292 1740
3046 276 299 2365
3056 277 293 0
3061 277 299 2173
3062 277 299 2173
3063 277 298 2742
3064 277 299 2742
3071 277 292 1841
3072 277 299 1834
3074 277 299 1679
3076 277 299 1841
3077 277 299 1834
3079 277 299 1679
3090 278 299 2915
3091 278 299 2915
3094 278 282 3043
3095 278 285 3043
3096 278 299 1911
3097 278 299 1911
3111 279 282 1633
3112 279 299 1633
3113 279 286 735
3114 279 299 735
3115 279 299 4104
3116 279 299 4104
3117 279 299 1604
3118 279 296 1604
3123 279 299 1192
3124 279 279 1192
3125 279 285 1621
3128 279 299 1779
3129 279 299 1621
3132 279 299 1779
3150 280 298 1638
3151 280 299 1638
3168 281 284 66
3169 281 299 66
3172 281 299 1853
3173 281 299 1853
3174 281 299 2944
3175 281 299 1566
3176 281 299 2944
3177 281 299 1566
3184 282 283 1730
3185 282 299 1730
3204 282 299 1704
3206 282 299 1704
3217 283 299 0
3218 283 299 2607
3219 283 299 2607
3224 283 292 3094
3225 283 299 3094
3230 283 284 2986
3231 283 284 2986
3232 283 284 1006
3233 283 299 1006
3234 283 299 1741
3236 283 299 1741
3245 284 299 2431
3246 284 299 2431
3252 284 284 2972
3254 284 299 3184
3255 284 299 1655
3257 284 299 1703
3258 284 299 3037
3259 284 284 2972
3261 284 299 3184
3262 284 299 1655
3264 284 299 1703
3265 284 299 3037
3274 285 299 0
3275 285 299 3252
3276 285 299 3252
3277 285 299 3259
3278 285 299 3259
3283 285 299 3023
3284 285 299 3023
3285 285 299 3168
3286 285 299 3168
3289 285 299 1642
3292 285 299 1867
3293 285 299 826
3296 285 299 3230
3297 285 299 3232
3298 285 299 2748
3299 285 291 1642
3302 285 299 1867
3303 285 299 826
3306 285 299 3230
3307 285 299 3232
3308 285 299 2748
3320 286 299 0
3323 286 290 3125
3324 286 299 3125
3325 286 299 2959
3326 286 299 2959
3327 286 299 2913
3328 286 299 2913
3331 286 295 1756
3332 286 299 1756
3333 286 299 1777
3334 286 299 1777
3337 286 299 3095
3338 286 299 3095
3339 286 286 1854
3340 286 299 1854
3341 286 299 2674
3342 286 299 2674
3346 286 299 1763
3349 286 289 1605
3350 286 290 1711
3351 286 295 1763
3354 286 293 1605
3355 286 299 1711
3363 287 287 0
3364 287 293 0
3367 287 299 1600
3368 287 299 1600
3371 287 299 3113
3372 287 299 3113
3373 287 299 1569
3374 287 287 1569
3375 287 299 2012
3376 287 299 2012
3387 288 292 0
3388 288 299 0
3391 288 299 1743
3392 288 299 1743
3397 288 299 2329
3398 288 299 2329
3401 288 299 1886
3402 288 299 1886
3403 288 299 933
3404 288 288 933
3407 288 299 2785
3408 288 299 2785
3413 288 299 831
3414 288 299 1805
3415 288 299 1791
3417 288 299 3374
3418 288 299 831
3419 288 299 1805
3420 288 299 1791
3422 288 299 3374
3430 289 290 0
3435 289 289 1338
3436 289 292 1338
3437 289 299 1838
3438 289 299 1838
3439 289 299 1864
3440 289 299 1864
3441 289 299 1637
3442 289 299 1637
3445 289 299 2181
3446 289 299 2181
3449 289 299 1712
3451 289 299 3404
3454 289 295 1712
3456 289 299 3404
3466 290 299 0
3467 290 299 0
3468 290 299 0
3473 290 299 1982
3474 290 299 1982
3475 290 299 2043
3476 290 299 2043
3479 290 299 1939
3480 290 299 2937
3481 290 299 1792
3482 290 299 1939
3483 290 299 2937
3484 290 299 1792
3491 291 291 0
3492 291 299 3323
3493 291 299 3323
3495 291 292 2189
3496 291 299 1699
3497 291 299 1813
3498 291 297 3350
3500 291 299 2189
3501 291 299 1699
3502 291 299 1813
3503 291 293 3350
3511 292 298 0
3512 292 299 0
3513 292 292 2544
3514 292 299 2544
3517 292 299 3299
3520 292 299 1938
3521 292 299 1812
3522 292 299 1586
3523 292 299 1866
3524 292 299 3299
3527 292 299 1938
3528 292 299 1812
3529 292 299 1586
3530 292 299 1866
3541 293 299 0
3544 293 299 3044
3545 293 299 3044
3550 293 299 3224
3551 293 299 3224
3552 293 299 2182
3553 293 299 2182
3554 293 299 3436
3556 293 298 2348
3557 293 299 3513
3558 293 299 1271
3559 293 299 3071
3560 293 299 3495
3561 293 299 3387
3562 293 299 3436
3564 293 299 2348
3565 293 299 3513
3566 293 299 1271
3567 293 299 3071
3568 293 299 3495
3569 293 299 3387
3584 294 299 2940
3585 294 299 2940
3586 294 299 2459
3587 294 299 2459
3588 294 299 2512
3589 294 299 2512
3590 294 299 3364
3592 294 299 1973
3594 294 294 2484
3595 294 299 2024
3597 294 299 3364
3599 294 299 1973
3601 294 297 2484
3602 294 299 2024
3615 295 298 0
3620 295 299 1601
3621 295 299 1601
3626 295 299 2680
3627 295 299 2680
3628 295 299 2342
3629 295 299 1587
3630 295 299 2342
3631 295 295 1587
3639 296 299 0
3649 296 299 1641
3650 296 299 1641
3655 296 299 3331
3657 296 299 1889
3658 296 299 3631
3661 296 299 3331
3663 296 299 1889
3664 296 299 3631
3671 297 299 0
3672 297 299 0
3673 297 299 0
3676 297 299 1521
3677 297 299 1521
3678 297 299 1640
3679 297 299 1640
3682 297 299 3118
3683 297 299 3118
3686 297 299 843
3691 297 299 843
3707 298 299 1534
3708 298 299 1534
3711 298 299 1032
3712 298 299 1032
3713 298 299 2246
3714 298 299 2246
3719 298 299 1935
3720 298 299 1935
3721 298 299 2343
3722 298 299 2343
3725 298 299 1771
3726 298 299 1771
3727 298 299 2022
3728 298 299 2022
3731 298 299 1975
3732 298 299 1975
3733 298 299 2640
3734 298 299 2640
3737 298 299 1035
3738 298 299 2300
3739 298 299 2994
3741 298 299 1474
3742 298 299 3601
3743 298 299 1567
3744 298 299 3498
3745 298 299 1035
3746 298 299 2300
3747 298 299 2994
3749 298 299 1474
3750 298 299 3601
3751 298 299 1567
3752 298 299 3498
3765 299 299 0
3766 299 299 3556
3767 299 299 3556
3768 299 299 1892
3769 299 299 1892
3770 299 299 3063
3771 299 299 3063
3772 299 299 1895
3773 299 299 1895
3776 299 299 1849
3777 299 299 765
3778 299 299 1375
3781 299 299 3150
3782 299 299 2408
3784 299 299 1849
3785 299 299 765
3786 299 299 1375
3789 299 299 3150
3790 299 299 2408
4005 192 249 0
4006 192 199 0
4103 219 299 999
4104 219 278 999
4267 256 256 0
4268 256 256 0
4287 257 260 0
4288 257 260 0
4581 294 299 3354
4582 294 299 3354
4633 297 299 2350
4634 297 299 2350
