1 0 60 0
2 0 43 0
3 0 83 0
4 0 28 0
5 0 78 0
6 0 9 0
7 0 6 0
8 0 82 0
9 0 68 0
10 0 91 0
11 0 60 0
12 0 64 0
13 0 91 0
14 0 91 0
15 0 91 0
16 0 79 0
17 0 16 0
18 0 91 0
19 0 91 0
20 0 91 0
21 0 79 0
22 0 16 0
23 0 61 0
24 0 91 0
25 0 91 0
26 0 91 0
27 0 45 0
28 0 70 0
29 0 72 0
30 0 91 0
31 0 56 0
32 12 91 0
34 13 91 0
38 17 91 0
39 20 91 0
40 21 21 0
46 33 91 0
47 39 91 0
48 39 91 0
52 54 91 0
53 56 91 0
55 65 65 0
56 67 67 0
57 70 91 0
58 71 91 0
59 73 76 0
60 73 91 0
61 74 91 0
62 76 91 0
63 76 76 0
64 76 91 0
65 81 81 0
66 81 91 0
67 82 91 0
68 85 91 0
71 86 91 0
72 86 86 0
73 87 91 0
74 87 91 0
75 87 91 0
76 90 91 0
