1 0 56 0
2 0 11 0
3 0 71 0
4 0 91 0
5 0 91 0
6 0 89 0
7 0 91 0
8 0 47 0
9 0 91 0
10 0 5 0
11 0 5 0
12 0 91 0
13 0 91 0
14 0 91 0
15 0 91 0
16 0 91 0
17 0 91 0
18 0 91 0
19 0 91 0
20 0 15 0
21 0 91 0
22 0 91 0
23 0 91 0
24 0 79 0
25 0 55 0
26 4 9 0
27 4 91 0
28 15 15 0
29 18 27 0
30 20 91 0
31 22 91 0
32 22 91 0
33 22 27 0
34 22 91 0
35 43 45 0
36 44 44 0
37 49 57 0
38 54 54 0
39 56 90 0
40 61 65 0
41 72 72 0
45 78 79 0
46 83 84 0
47 83 84 0
48 83 91 0
49 83 91 0
50 88 91 0
51 88 90 0
52 89 89 0
53 89 89 0
