1 0 14 0
2 0 45 0
3 0 68 0
4 0 54 0
5 0 77 0
6 0 147 0
7 0 63 0
8 0 58 0
9 0 1 0
10 0 85 0
11 0 105 0
12 0 23 0
13 0 0 0
14 0 246 0
15 0 137 0
16 0 44 0
17 0 32 0
18 0 51 0
19 0 26 0
20 0 30 0
21 0 55 0
22 0 197 0
23 0 10 0
24 0 28 0
25 0 10 0
26 0 78 0
27 0 106 0
28 0 117 0
29 0 15 0
30 0 16 0
31 0 35 0
32 0 128 0
33 0 131 0
34 0 71 0
35 0 62 0
36 0 17 0
37 0 95 0
38 0 71 0
39 0 102 0
40 0 72 0
41 0 87 0
42 0 18 0
43 0 123 0
44 0 52 0
45 0 36 0
46 0 54 0
47 0 1 0
48 0 17 0
49 0 2 0
50 0 0 0
51 0 59 0
52 0 29 0
53 0 43 0
54 0 56 0
55 0 56 0
56 0 24 0
57 0 63 0
58 0 9 0
59 0 8 0
60 0 23 0
61 0 86 0
62 0 30 0
63 0 57 0
64 0 0 0
65 1 230 0
66 1 77 64
67 1 44 64
68 2 2 9
69 2 8 9
70 2 15 0
71 2 4 0
72 2 2 47
73 2 17 47
74 2 149 0
75 2 21 0
76 3 3 0
77 3 4 0
78 3 39 49
79 3 52 49
80 4 4 0
81 4 5 0
82 6 7 0
83 7 7 0
84 7 7 0
85 8 9 0
86 9 9 0
87 9 254 0
88 9 86 59
89 9 11 59
90 10 14 0
91 10 23 58
92 10 10 58
93 11 11 0
94 11 12 23
95 11 11 23
96 13 15 0
97 13 14 94
98 13 13 94
99 13 13 0
100 15 80 1
101 15 101 1
102 15 21 90
103 15 21 90
104 15 18 97
105 15 15 97
106 17 18 0
107 17 29 0
108 18 18 0
109 18 18 0
110 18 100 0
111 18 18 36
112 18 57 36
113 18 19 73
114 18 20 73
115 18 97 48
116 18 92 48
117 19 19 0
118 19 32 104
119 19 19 104
120 19 19 42
121 19 19 42
122 20 21 120
123 20 21 120
124 21 22 0
125 21 21 0
126 21 21 114
127 21 28 114
128 22 27 103
129 22 29 103
130 22 22 0
131 22 73 122
132 22 100 122
133 23 23 0
134 23 141 0
135 23 23 0
136 24 86 12
137 24 150 12
138 24 24 0
139 24 34 91
140 24 61 91
141 24 101 60
142 24 119 60
143 25 25 0
144 25 29 56
145 25 29 56
146 26 26 0
147 27 29 19
148 27 55 19
149 27 27 0
150 28 29 0
151 28 28 0
152 29 86 24
153 29 85 24
154 29 29 0
155 29 29 127
156 29 33 127
157 29 29 0
158 30 35 129
159 30 34 129
160 30 30 0
161 30 30 52
162 30 31 52
163 30 32 145
164 30 91 145
165 31 31 0
166 31 31 0
167 31 31 62
168 31 32 62
169 32 32 0
170 32 32 0
171 32 32 0
172 32 35 162
173 32 35 162
174 32 32 0
175 33 87 17
176 33 108 17
177 33 36 118
178 33 33 118
179 33 35 0
180 33 33 0
181 33 33 163
182 33 33 163
183 33 33 168
184 33 125 168
185 33 39 0
186 34 106 0
187 34 34 0
188 34 34 0
189 34 34 156
190 34 69 156
191 34 34 0
192 34 49 181
193 34 37 181
194 35 39 188
195 35 39 188
196 35 36 0
197 35 35 0
198 36 37 158
199 36 41 158
200 36 127 31
201 36 125 31
202 36 101 173
203 36 104 173
204 37 82 177
205 37 140 177
206 37 93 45
207 37 106 45
208 37 37 0
209 38 38 0
210 39 39 0
211 39 39 0
212 39 39 0
213 39 39 0
214 39 39 0
215 40 91 0
216 40 40 0
217 40 40 0
218 40 45 194
219 40 40 194
220 40 74 78
221 40 51 78
222 41 41 0
223 41 41 0
224 41 41 0
225 41 106 219
226 41 46 219
227 42 42 0
228 42 109 199
229 42 85 199
230 42 43 0
231 42 48 0
232 43 43 0
233 43 43 0
234 44 44 0
235 44 44 0
236 44 44 0
237 44 142 53
238 44 136 53
239 45 45 0
240 45 45 67
241 45 72 67
242 46 47 2
243 46 48 2
244 46 49 0
245 47 47 226
246 47 82 226
247 48 48 0
248 49 51 243
249 49 53 243
250 49 49 0
251 49 49 0
252 50 50 0
253 50 204 244
254 50 139 244
255 50 52 192
256 50 85 192
257 51 51 0
258 52 52 0
259 52 135 18
260 52 89 18
261 52 52 0
262 52 52 0
263 53 53 0
264 53 252 44
265 53 96 44
266 53 53 0
267 53 53 79
268 53 57 79
269 54 54 0
270 54 61 249
271 54 63 249
272 54 56 0
273 55 55 0
274 55 55 0
275 55 55 0
276 55 56 0
277 56 56 0
278 56 57 148
279 56 57 148
280 56 57 0
281 57 58 0
282 57 59 0
283 57 60 0
284 57 60 55
285 57 57 55
286 57 58 54
287 57 57 54
288 58 58 0
289 58 72 278
290 58 79 278
291 58 58 112
292 58 58 112
293 58 58 0
294 58 59 268
295 58 58 268
296 58 58 0
297 59 61 8
298 59 91 8
299 59 173 291
300 59 94 291
301 59 60 286
302 59 67 286
303 60 61 0
304 60 73 294
305 60 204 294
306 60 141 294
307 61 62 0
308 61 69 0
309 61 61 0
310 62 150 0
311 62 62 303
312 62 64 303
313 62 79 0
314 62 62 0
315 62 62 140
316 62 63 140
317 62 62 0
318 63 64 35
319 63 65 35
320 63 63 0
321 63 67 0
322 64 67 271
323 64 68 271
324 64 141 7
325 64 106 7
326 64 64 320
327 64 64 320
328 64 68 316
329 64 100 316
330 64 156 57
331 64 105 57
332 65 146 312
333 65 143 312
334 65 65 0
335 65 66 0
336 66 72 319
337 66 69 319
338 67 67 0
339 67 67 0
340 68 68 0
341 68 76 0
342 68 68 302
343 68 83 302
344 69 69 3
345 69 69 3
346 69 69 323
347 69 70 323
348 69 83 0
349 69 73 328
350 69 100 328
351 70 112 344
352 70 106 344
353 70 70 190
354 70 105 190
355 70 70 0
356 70 71 0
357 70 73 308
358 70 73 308
359 71 72 347
360 71 75 347
361 72 72 0
362 72 167 34
363 72 110 34
364 72 141 38
365 72 138 38
366 73 73 0
367 73 100 289
368 73 73 289
369 73 81 336
370 73 84 336
371 73 141 40
372 73 141 40
373 74 74 0
374 74 96 349
375 74 99 349
376 74 170 357
377 74 273 357
378 74 105 0
379 75 181 0
380 75 75 0
381 75 78 0
382 75 75 0
383 75 117 220
384 75 136 220
385 75 75 0
386 76 76 0
387 76 77 360
388 76 77 360
389 76 76 0
390 76 76 0
391 77 77 0
392 77 77 0
393 77 77 341
394 77 99 341
395 77 77 0
396 78 78 0
397 78 79 388
398 78 82 388
399 78 81 5
400 78 83 5
401 78 78 0
402 78 78 0
403 78 87 66
404 78 85 66
405 79 79 0
406 79 141 26
407 79 83 26
408 79 80 0
409 80 80 0
410 80 80 290
411 80 81 290
412 80 83 0
413 80 80 0
414 81 81 0
415 81 81 0
416 81 81 0
417 81 81 0
418 81 81 0
419 81 99 100
420 81 81 100
421 81 91 0
422 81 82 0
423 81 81 0
424 82 83 0
425 82 82 0
426 82 82 0
427 82 82 0
428 82 82 0
429 82 82 411
430 82 116 411
431 82 82 0
432 83 87 398
433 83 89 398
434 83 83 0
435 83 83 0
436 83 84 0
437 83 84 246
438 83 109 246
439 83 83 204
440 83 85 204
441 83 83 0
442 83 83 0
443 84 84 0
444 84 84 0
445 84 84 0
446 84 84 0
447 84 84 0
448 84 141 400
449 84 133 400
450 84 84 0
451 84 84 0
452 84 85 0
453 84 150 343
454 84 84 343
455 85 85 0
456 85 85 0
457 85 85 0
458 85 85 0
459 85 85 0
460 85 85 0
461 85 85 0
462 85 85 0
463 85 85 0
464 85 85 0
465 85 85 0
466 85 85 370
467 85 87 370
468 85 85 0
469 86 86 0
470 86 86 0
471 86 86 0
472 86 86 0
473 86 86 0
474 86 86 0
475 86 86 0
476 86 86 0
477 86 86 10
478 86 171 10
479 86 104 229
480 86 86 229
481 86 86 440
482 86 88 440
483 86 138 0
484 86 86 0
485 86 86 0
486 86 86 256
487 86 93 256
488 86 86 0
489 87 87 0
490 87 87 0
491 87 87 0
492 87 87 0
493 87 181 0
494 87 87 0
495 87 88 136
496 87 88 136
497 87 87 0
498 87 87 0
499 87 87 0
500 87 87 152
501 87 88 152
502 87 87 0
503 87 87 0
504 87 87 0
505 87 140 61
506 87 97 61
507 87 88 88
508 87 118 88
509 87 87 0
510 87 87 0
511 88 88 0
512 88 118 0
513 88 88 0
514 88 88 0
515 88 88 175
516 88 88 175
517 88 88 0
518 88 107 175
519 88 88 0
520 88 88 467
521 88 90 467
522 88 177 41
523 88 148 41
524 88 88 0
525 88 88 0
526 88 88 0
527 88 88 0
528 88 151 403
529 88 88 403
530 89 89 0
531 89 89 0
532 89 89 482
533 89 91 482
534 89 90 501
535 89 91 501
536 89 89 0
537 89 90 0
538 89 89 0
539 90 93 433
540 90 90 433
541 90 90 0
542 90 128 260
543 90 90 260
544 90 90 0
545 90 91 0
546 90 90 0
547 90 122 0
548 91 91 0
549 91 91 0
550 91 91 0
551 91 91 0
552 91 91 0
553 91 91 0
554 91 94 0
555 91 91 0
556 91 91 0
557 91 91 0
558 91 91 0
559 91 91 0
560 91 91 0
561 91 91 0
562 91 91 0
563 92 106 215
564 92 127 215
565 92 93 298
566 92 96 298
567 92 92 0
568 92 96 533
569 92 105 533
570 92 93 535
571 92 93 535
572 92 92 0
573 92 92 0
574 92 92 0
575 92 92 164
576 92 92 164
577 93 100 0
578 93 93 0
579 93 93 0
580 93 93 0
581 93 93 0
582 94 97 539
583 94 98 539
584 94 95 0
585 94 94 0
586 94 130 571
587 94 129 571
588 94 94 0
589 94 94 0
590 94 94 0
591 94 94 0
592 94 94 206
593 94 136 206
594 94 94 206
595 94 94 0
596 94 97 487
597 94 97 487
598 95 95 0
599 95 126 554
600 95 158 554
601 95 95 0
602 95 95 0
603 95 95 0
604 95 96 0
605 96 96 0
606 96 96 0
607 96 96 37
608 96 96 37
609 96 96 0
610 96 96 0
611 96 97 0
612 97 98 566
613 97 111 566
614 97 97 0
615 97 165 608
616 97 150 608
617 97 156 265
618 97 97 265
619 97 97 0
620 97 97 0
621 98 98 0
622 98 156 115
623 98 98 115
624 98 98 0
625 98 98 0
626 98 98 0
627 98 98 0
628 98 98 506
629 98 116 506
630 98 98 0
631 98 98 0
632 98 116 596
633 98 119 596
634 98 109 0
635 99 104 583
636 99 104 583
637 99 99 0
638 99 104 623
639 99 158 623
640 99 99 0
641 100 151 419
642 100 149 419
643 100 100 0
644 100 101 0
645 100 117 375
646 100 104 375
647 100 104 394
648 100 107 394
649 101 102 0
650 101 103 0
651 101 157 110
652 101 192 110
653 101 101 132
654 101 101 132
655 101 117 0
656 101 103 350
657 101 103 350
658 101 101 0
659 102 162 101
660 102 160 101
661 102 102 0
662 102 141 653
663 102 152 653
664 102 102 202
665 102 102 202
666 102 161 141
667 102 157 141
668 103 103 0
669 103 201 39
670 103 154 39
671 103 155 664
672 103 129 664
673 103 103 0
674 104 104 0
675 104 104 0
676 104 108 656
677 104 204 656
678 105 105 635
679 105 105 635
680 105 105 479
681 105 113 479
682 105 105 0
683 105 105 0
684 105 168 638
685 105 155 638
686 105 150 646
687 105 143 646
688 105 129 203
689 105 167 203
690 106 107 678
691 106 107 678
692 106 106 0
693 106 107 11
694 106 107 11
695 106 106 569
696 106 109 569
697 106 106 0
698 106 108 0
699 106 160 354
700 106 150 354
701 106 107 331
702 106 112 331
703 107 151 0
704 107 107 352
705 107 168 352
706 107 107 0
707 107 179 186
708 107 113 186
709 107 118 225
710 107 176 225
711 107 121 27
712 107 107 27
713 107 107 0
714 107 155 207
715 107 109 207
716 108 114 690
717 108 111 690
718 108 110 694
719 108 111 694
720 108 183 518
721 108 119 518
722 108 108 0
723 108 109 648
724 108 114 648
725 109 109 0
726 109 192 176
727 109 179 176
728 109 109 0
729 109 114 676
730 109 137 676
731 110 137 228
732 110 148 228
733 110 133 696
734 110 128 696
735 110 132 438
736 110 110 438
737 110 111 0
738 110 110 0
739 110 113 634
740 110 120 634
741 111 111 0
742 111 111 0
743 111 111 363
744 111 114 363
745 112 112 613
746 112 119 613
747 112 115 719
748 112 117 719
749 112 112 0
750 112 112 0
751 112 206 0
752 112 112 0
753 113 113 351
754 113 170 351
755 113 113 0
756 113 117 702
757 113 113 702
758 114 114 0
759 114 114 0
760 114 114 0
761 115 115 716
762 115 115 716
763 115 118 0
764 115 115 0
765 115 116 744
766 115 157 744
767 115 116 724
768 115 116 724
769 115 115 0
770 116 117 762
771 116 116 762
772 116 116 0
773 116 118 0
774 116 116 0
775 116 161 0
776 116 175 0
777 117 117 430
778 117 117 430
779 117 117 632
780 117 117 632
781 117 117 768
782 117 117 768
783 117 175 629
784 117 117 629
785 118 129 770
786 118 120 770
787 118 119 748
788 118 120 748
789 118 149 0
790 118 180 0
791 118 121 777
792 118 121 777
793 118 119 28
794 118 126 28
795 118 179 383
796 118 126 383
797 118 118 645
798 118 118 645
799 118 130 779
800 118 120 779
801 118 118 781
802 118 118 781
803 118 119 756
804 118 118 756
805 119 119 763
806 119 122 763
807 119 132 512
808 119 185 512
809 119 177 709
810 119 119 709
811 119 121 798
812 119 123 798
813 119 119 0
814 119 119 802
815 119 155 802
816 119 119 508
817 119 119 508
818 120 121 746
819 120 121 746
820 120 121 787
821 120 120 787
822 120 122 721
823 120 126 721
824 120 120 810
825 120 172 810
826 120 121 0
827 120 120 0
828 120 120 633
829 120 120 633
830 120 122 817
831 120 132 817
832 120 126 803
833 120 123 803
834 120 156 142
835 120 214 142
836 121 121 0
837 121 122 0
838 121 123 0
839 121 180 828
840 121 130 828
841 121 147 740
842 121 126 740
843 122 143 819
844 122 152 819
845 122 127 820
846 122 125 820
847 122 122 820
848 122 122 0
849 122 129 792
850 122 123 792
851 122 123 711
852 122 123 711
853 122 122 0
854 123 170 806
855 123 136 806
856 123 123 547
857 123 156 547
858 124 126 0
859 124 175 850
860 124 124 850
861 124 208 851
862 124 208 851
863 124 187 43
864 124 188 43
865 124 157 812
866 124 157 812
867 124 125 0
868 126 126 0
869 126 207 201
870 126 206 201
871 126 126 0
872 127 127 823
873 127 128 823
874 127 156 794
875 127 156 794
876 127 127 599
877 127 131 599
878 127 127 796
879 127 127 796
880 127 128 832
881 127 127 832
882 128 132 0
883 128 208 200
884 128 210 200
885 128 129 0
886 128 135 879
887 128 134 879
888 128 131 0
889 129 131 0
890 129 153 542
891 129 199 542
892 129 130 873
893 129 132 873
894 129 133 734
895 129 132 734
896 129 166 32
897 129 217 32
898 129 131 880
899 129 130 880
900 130 130 785
901 130 131 785
902 130 130 785
903 130 221 849
904 130 150 849
905 130 130 587
906 130 130 587
907 130 130 688
908 130 130 688
909 131 131 0
910 131 131 902
911 131 136 902
912 131 159 0
913 131 134 905
914 131 131 905
915 131 131 907
916 131 134 907
917 131 202 799
918 131 134 799
919 132 135 877
920 132 132 877
921 132 175 33
922 132 195 33
923 132 132 898
924 132 138 898
925 133 145 807
926 133 135 807
927 133 136 893
928 133 137 893
929 133 133 735
930 133 138 735
931 133 133 0
932 133 134 831
933 133 141 831
934 133 133 0
935 133 136 0
936 134 134 0
937 134 145 733
938 134 140 733
939 134 134 934
940 134 145 934
941 135 137 936
942 135 136 936
943 135 136 0
944 135 135 913
945 135 135 913
946 135 158 916
947 135 167 916
948 135 257 918
949 135 203 918
950 135 135 0
951 135 135 0
952 136 216 259
953 136 150 259
954 136 157 945
955 136 148 945
956 136 196 886
957 136 174 886
958 136 136 0
959 137 137 911
960 137 137 911
961 137 205 943
962 137 203 943
963 137 179 855
964 137 137 855
965 137 139 0
966 137 137 593
967 137 137 593
968 137 197 384
969 137 196 384
970 137 138 238
971 137 159 238
972 137 137 0
973 137 140 0
974 138 138 960
975 138 138 960
976 138 138 731
977 138 211 731
978 138 140 0
979 138 145 15
980 138 145 15
981 138 138 928
982 138 139 928
983 138 149 967
984 138 243 967
985 138 165 730
986 138 193 730
987 138 138 0
988 139 140 975
989 139 139 975
990 139 140 0
991 139 144 930
992 139 144 930
993 139 180 365
994 139 152 365
995 139 139 924
996 139 143 924
997 140 141 989
998 140 143 989
999 140 221 254
1000 140 218 254
1001 140 162 982
1002 140 152 982
1003 140 140 0
1004 140 145 0
1005 141 143 990
1006 141 141 990
1007 141 143 938
1008 141 143 938
1009 141 173 505
1010 141 141 505
1011 142 143 997
1012 142 142 997
1013 142 142 997
1014 142 201 324
1015 142 203 324
1016 142 159 448
1017 142 158 448
1018 142 240 134
1019 142 176 134
1020 142 161 406
1021 142 142 406
1022 142 163 364
1023 142 200 364
1024 142 151 662
1025 142 145 662
1026 142 145 662
1027 142 154 0
1028 142 142 372
1029 142 142 372
1030 142 165 306
1031 142 154 306
1032 142 145 933
1033 142 148 933
1034 142 142 0
1035 142 142 0
1036 143 146 1021
1037 143 149 1021
1038 143 143 0
1039 143 143 1028
1040 143 156 1028
1041 143 233 237
1042 143 236 237
1043 143 247 237
1044 143 150 0
1045 143 143 0
1046 144 146 998
1047 144 144 998
1048 144 146 998
1049 144 148 333
1050 144 144 333
1051 144 144 1005
1052 144 145 1005
1053 144 149 1007
1054 144 144 1007
1055 144 148 1008
1056 144 149 1008
1057 144 256 1039
1058 144 210 1039
1059 144 155 1039
1060 144 159 0
1061 144 153 687
1062 144 159 687
1063 144 247 996
1064 144 299 996
1065 144 144 0
1066 145 149 1051
1067 145 145 1051
1068 145 150 1051
1069 145 178 992
1070 145 151 992
1071 146 149 1067
1072 146 150 1067
1073 146 147 925
1074 146 164 925
1075 146 148 979
1076 146 148 979
1077 146 149 937
1078 146 149 937
1079 146 214 1025
1080 146 149 1025
1081 146 150 0
1082 146 147 1004
1083 146 146 1004
1084 147 151 0
1085 147 147 1046
1086 147 148 1046
1087 147 150 0
1088 147 147 1048
1089 147 147 1048
1090 147 209 332
1091 147 168 332
1092 147 147 0
1093 147 149 0
1094 148 189 6
1095 148 217 6
1096 148 149 0
1097 148 189 0
1098 148 191 841
1099 148 151 841
1100 149 153 1086
1101 149 155 1086
1102 149 153 1086
1103 149 149 1049
1104 149 149 1049
1105 149 149 732
1106 149 166 732
1107 149 162 1075
1108 149 152 1075
1109 149 153 955
1110 149 151 955
1111 149 150 523
1112 149 150 523
1113 149 196 1033
1114 149 196 1033
1115 150 160 642
1116 150 208 642
1117 150 170 1104
1118 150 193 1104
1119 150 203 1071
1120 150 173 1071
1121 150 167 789
1122 150 151 789
1123 150 150 0
1124 150 150 1077
1125 150 155 1077
1126 150 150 1078
1127 150 150 1078
1128 150 195 1056
1129 150 195 1056
1130 150 151 1037
1131 150 158 1037
1132 150 234 1037
1133 150 188 1080
1134 150 200 1080
1135 150 189 74
1136 150 214 74
1137 151 171 310
1138 151 289 310
1139 151 152 1072
1140 151 152 1072
1141 151 151 0
1142 151 152 137
1143 151 176 137
1144 151 151 904
1145 151 175 904
1146 151 154 1127
1147 151 154 1127
1148 151 153 616
1149 151 156 616
1150 151 218 1111
1151 151 152 1111
1152 151 152 700
1153 151 154 700
1154 151 167 686
1155 151 157 686
1156 151 151 453
1157 151 168 453
1158 152 157 703
1159 152 152 703
1160 152 154 641
1161 152 205 641
1162 152 155 0
1163 152 155 1110
1164 152 155 1110
1165 152 155 528
1166 152 180 528
1167 153 177 844
1168 153 177 844
1169 153 190 1139
1170 153 155 1139
1171 153 153 0
1172 153 155 994
1173 153 157 994
1174 153 206 663
1175 153 155 663
1176 153 153 0
1177 153 153 0
1178 153 153 0
1179 153 153 0
1180 153 153 0
1181 153 153 0
1182 153 153 0
1183 153 153 0
1184 154 161 890
1185 154 154 890
1186 154 154 0
1187 154 154 0
1188 154 154 0
1189 154 154 0
1190 154 154 0
1191 154 156 0
1192 155 155 0
1193 155 156 1147
1194 155 171 1147
1195 155 188 670
1196 155 155 670
1197 155 155 0
1198 155 155 0
1199 155 155 1027
1200 155 155 1027
1201 155 155 0
1202 155 189 1027
1203 155 155 1153
1204 155 156 1153
1205 155 155 0
1206 155 155 0
1207 155 155 0
1208 155 155 0
1209 156 161 1101
1210 156 157 1101
1211 156 171 1125
1212 156 156 1125
1213 156 161 1163
1214 156 157 1163
1215 156 273 1175
1216 156 206 1175
1217 156 249 714
1218 156 249 714
1219 156 156 0
1220 156 156 0
1221 156 156 0
1222 156 156 0
1223 156 156 0
1224 156 158 671
1225 156 156 671
1226 156 156 0
1227 156 156 0
1228 156 179 0
1229 156 207 685
1230 156 170 685
1231 156 168 815
1232 156 158 815
1233 156 157 0
1234 156 215 1165
1235 156 207 1165
1236 156 160 0
1237 157 157 0
1238 157 157 874
1239 157 157 874
1240 157 167 875
1241 157 157 875
1242 157 164 1149
1243 157 165 1149
1244 157 157 0
1245 157 157 0
1246 157 157 0
1247 157 157 0
1248 157 157 0
1249 157 157 617
1250 157 202 617
1251 157 157 0
1252 157 195 1040
1253 157 201 1040
1254 157 164 1204
1255 157 157 1204
1256 157 192 622
1257 157 161 622
1258 157 238 330
1259 157 243 330
1260 157 157 1191
1261 157 158 1191
1262 158 159 1158
1263 158 223 1158
1264 158 158 1239
1265 158 177 1239
1266 158 165 1214
1267 158 172 1214
1268 158 158 0
1269 158 158 0
1270 158 158 0
1271 158 158 0
1272 158 158 0
1273 158 158 0
1274 158 167 766
1275 158 299 766
1276 158 158 651
1277 158 190 651
1278 158 159 1173
1279 158 159 1173
1280 158 158 865
1281 158 158 865
1282 158 158 1155
1283 158 160 1155
1284 158 162 866
1285 158 191 866
1286 158 158 667
1287 158 158 667
1288 159 160 1131
1289 159 226 1131
1290 159 178 600
1291 159 179 600
1292 159 159 0
1293 159 159 0
1294 159 159 0
1295 159 159 0
1296 159 159 0
1297 159 159 0
1298 159 159 0
1299 159 159 0
1300 159 161 1224
1301 159 159 1224
1302 159 165 1280
1303 159 164 1280
1304 159 224 639
1305 159 224 639
1306 159 160 1287
1307 159 159 1287
1308 159 175 1232
1309 159 160 1232
1310 159 159 1261
1311 159 160 1261
1312 160 160 0
1313 160 172 912
1314 160 164 912
1315 160 204 1016
1316 160 205 1016
1317 160 160 0
1318 160 160 1278
1319 160 160 1278
1320 160 224 971
1321 160 161 971
1322 160 221 1307
1323 160 217 1307
1324 161 209 1115
1325 161 212 1115
1326 161 161 0
1327 161 193 660
1328 161 232 660
1329 161 161 0
1330 161 161 0
1331 161 202 1319
1332 161 180 1319
1333 161 161 0
1334 161 161 0
1335 161 161 0
1336 161 161 0
1337 161 161 699
1338 161 161 699
1339 161 209 1283
1340 161 213 1283
1341 161 161 1311
1342 161 172 1311
1343 162 299 0
1344 162 163 1209
1345 162 163 1209
1346 162 167 1184
1347 162 166 1184
1348 162 162 0
1349 162 162 0
1350 162 162 0
1351 162 242 1020
1352 162 252 1020
1353 162 162 0
1354 162 166 1338
1355 162 163 1338
1356 162 174 1300
1357 162 163 1300
1358 162 216 1321
1359 162 175 1321
1360 162 162 0
1361 162 166 666
1362 162 162 666
1363 162 173 775
1364 162 163 775
1365 162 168 0
1366 163 237 659
1367 163 189 659
1368 163 166 0
1369 163 168 1107
1370 163 164 1107
1371 163 163 1001
1372 163 165 1001
1373 163 163 0
1374 163 163 0
1375 163 171 0
1376 163 163 0
1377 163 178 0
1378 163 211 1284
1379 163 172 1284
1380 164 165 0
1381 164 167 1345
1382 164 173 1345
1383 164 164 0
1384 164 164 0
1385 164 212 1022
1386 164 164 1022
1387 164 164 0
1388 164 164 0
1389 164 164 0
1390 165 165 0
1391 165 165 0
1392 165 166 1254
1393 165 165 1254
1394 165 165 0
1395 165 165 0
1396 165 165 0
1397 165 165 0
1398 165 165 0
1399 166 166 1372
1400 166 166 1372
1401 166 178 1266
1402 166 244 1266
1403 166 174 1266
1404 166 166 1243
1405 166 205 1243
1406 166 166 0
1407 166 166 0
1408 166 166 0
1409 166 166 0
1410 166 166 0
1411 166 206 1030
1412 166 299 1030
1413 166 166 985
1414 166 210 985
1415 167 193 0
1416 167 167 1106
1417 167 167 1106
1418 167 176 1400
1419 167 167 1400
1420 167 213 896
1421 167 167 896
1422 167 167 0
1423 167 167 0
1424 167 193 1404
1425 167 168 1404
1426 167 167 0
1427 167 167 0
1428 167 167 0
1429 167 174 1354
1430 167 167 1354
1431 167 242 1361
1432 167 219 1361
1433 167 234 1361
1434 168 175 1416
1435 168 190 1416
1436 168 168 1416
1437 168 177 1346
1438 168 176 1346
1439 168 171 1240
1440 168 171 1240
1441 168 179 362
1442 168 250 362
1443 168 168 0
1444 168 168 0
1445 168 169 0
1446 168 168 0
1447 168 168 0
1448 168 169 0
1449 168 169 1274
1450 168 241 1274
1451 168 168 0
1452 168 169 0
1453 168 169 0
1454 168 169 1430
1455 168 173 1430
1456 168 176 1154
1457 168 172 1154
1458 168 171 947
1459 168 169 947
1460 169 169 705
1461 169 198 705
1462 169 225 1436
1463 169 253 1436
1464 169 169 1369
1465 169 169 1369
1466 169 169 0
1467 169 169 0
1468 169 242 1425
1469 169 169 1425
1470 169 237 684
1471 169 207 684
1472 169 217 1157
1473 169 277 1157
1474 170 170 0
1475 170 243 1464
1476 170 242 1464
1477 170 170 0
1478 170 238 1459
1479 170 254 1459
1480 171 196 1117
1481 171 211 1117
1482 171 258 754
1483 171 256 754
1484 171 173 854
1485 171 171 854
1486 171 171 0
1487 171 207 1230
1488 171 233 1230
1489 171 274 376
1490 171 268 376
1491 172 271 478
1492 172 173 478
1493 172 173 0
1494 172 179 1440
1495 172 177 1440
1496 172 176 1211
1497 172 176 1211
1498 172 173 0
1499 172 172 0
1500 173 173 1313
1501 173 229 1313
1502 173 173 0
1503 173 230 825
1504 173 238 825
1505 173 202 1379
1506 173 205 1379
1507 173 173 1342
1508 173 175 1342
1509 174 174 1382
1510 174 178 1382
1511 174 174 1120
1512 174 229 1120
1513 174 174 0
1514 174 229 1484
1515 174 187 1484
1516 174 259 299
1517 174 251 299
1518 174 186 1455
1519 174 174 1455
1520 174 185 1455
1521 174 240 1009
1522 174 244 1009
1523 174 188 1363
1524 174 174 1363
1525 175 175 0
1526 175 175 0
1527 175 175 1429
1528 175 175 1429
1529 175 240 1356
1530 175 257 1356
1531 175 178 1524
1532 175 177 1524
1533 176 176 1434
1534 176 177 1434
1535 176 176 859
1536 176 177 859
1537 176 176 0
1538 176 176 0
1539 176 176 921
1540 176 219 921
1541 176 187 0
1542 176 177 1528
1543 176 178 1528
1544 176 226 1359
1545 176 261 1359
1546 176 257 1359
1547 176 202 783
1548 176 234 783
1549 176 189 1308
1550 176 183 1308
1551 176 208 776
1552 176 176 776
1553 177 177 0
1554 177 177 1143
1555 177 203 1143
1556 177 191 1019
1557 177 179 1019
1558 177 220 710
1559 177 240 710
1560 177 177 1497
1561 177 177 1497
1562 177 177 0
1563 177 177 0
1564 177 209 1456
1565 177 213 1456
1566 178 187 1168
1567 178 186 1168
1568 178 178 1534
1569 178 181 1534
1570 178 178 1437
1571 178 205 1437
1572 178 240 809
1573 178 252 809
1574 178 179 1536
1575 178 179 1536
1576 178 179 1265
1577 178 183 1265
1578 178 178 1560
1579 178 179 1560
1580 178 178 0
1581 178 197 522
1582 178 197 522
1583 178 178 0
1584 178 178 0
1585 178 178 1532
1586 178 178 1532
1587 179 180 1510
1588 179 180 1510
1589 179 238 1570
1590 179 218 1570
1591 179 179 0
1592 179 223 1069
1593 179 217 1069
1594 179 180 1401
1595 179 192 1401
1596 179 179 0
1597 179 179 0
1598 179 181 1543
1599 179 182 1543
1600 179 202 1586
1601 179 219 1586
1602 179 184 0
1603 180 184 963
1604 180 235 963
1605 180 187 727
1606 180 189 727
1607 180 209 707
1608 180 241 707
1609 180 184 1557
1610 180 239 1557
1611 180 255 1574
1612 180 273 1574
1613 180 242 1575
1614 180 240 1575
1615 180 195 1494
1616 180 195 1494
1617 180 182 1579
1618 180 184 1579
1619 180 180 1441
1620 180 254 1441
1621 180 180 1291
1622 180 196 1291
1623 180 192 795
1624 180 188 795
1625 180 180 0
1626 180 235 1228
1627 180 183 1228
1628 180 199 1228
1629 181 189 0
1630 181 181 1588
1631 181 181 1588
1632 181 292 1594
1633 181 182 1594
1634 181 181 0
1635 181 182 993
1636 181 182 993
1637 181 181 839
1638 181 181 839
1639 181 181 0
1640 182 191 0
1641 182 182 379
1642 182 182 379
1643 182 292 493
1644 182 188 493
1645 182 185 493
1646 182 182 1569
1647 182 194 1569
1648 182 182 0
1649 182 183 0
1650 182 189 1637
1651 182 239 1637
1652 183 185 0
1653 183 248 1641
1654 183 299 1641
1655 183 183 0
1656 183 185 1617
1657 183 185 1617
1658 183 183 1633
1659 183 256 1633
1660 183 186 1635
1661 183 186 1635
1662 183 183 0
1663 184 193 720
1664 184 192 720
1665 184 194 1577
1666 184 200 1577
1667 184 184 0
1668 184 189 1550
1669 184 184 1550
1670 184 184 0
1671 185 185 1603
1672 185 191 1603
1673 185 188 1609
1674 185 188 1609
1675 185 189 1618
1676 185 188 1618
1677 185 188 1669
1678 185 190 1669
1679 185 185 0
1680 185 187 0
1681 186 237 0
1682 186 247 0
1683 186 190 1645
1684 186 299 1645
1685 186 187 808
1686 186 265 808
1687 186 245 808
1688 186 188 1657
1689 186 188 1657
1690 186 186 0
1691 187 251 1567
1692 187 252 1567
1693 187 205 1660
1694 187 213 1660
1695 187 240 1518
1696 187 187 1518
1697 187 188 1518
1698 187 187 0
1699 188 242 1566
1700 188 197 1566
1701 188 197 1515
1702 188 197 1515
1703 188 252 1685
1704 188 261 1685
1705 188 263 863
1706 188 262 863
1707 188 189 1696
1708 188 188 1696
1709 188 188 0
1710 189 189 1644
1711 189 189 1644
1712 189 189 0
1713 189 198 1674
1714 189 190 1674
1715 189 253 1689
1716 189 256 1689
1717 189 190 1697
1718 189 189 1697
1719 189 245 864
1720 189 191 864
1721 189 209 1523
1722 189 189 1523
1723 189 189 0
1724 189 206 0
1725 190 192 1606
1726 190 193 1606
1727 190 190 0
1728 190 249 1675
1729 190 245 1675
1730 190 219 0
1731 190 190 1202
1732 190 202 1202
1733 190 192 1650
1734 190 190 1650
1735 190 194 1097
1736 190 209 1097
1737 190 191 0
1738 191 196 1683
1739 191 198 1683
1740 191 206 1169
1741 191 204 1169
1742 191 220 1435
1743 191 225 1435
1744 191 191 0
1745 191 191 0
1746 191 264 1731
1747 191 194 1731
1748 191 218 0
1749 191 259 1717
1750 191 191 1717
1751 191 191 0
1752 191 192 1678
1753 191 193 1678
1754 192 224 0
1755 192 200 1556
1756 192 193 1556
1757 192 193 0
1758 192 192 0
1759 192 242 1750
1760 192 254 1750
1761 192 192 1720
1762 192 192 1720
1763 192 192 0
1764 192 227 0
1765 193 257 726
1766 193 193 726
1767 193 201 1595
1768 193 201 1595
1769 193 195 652
1770 193 299 652
1771 193 225 1256
1772 193 193 1256
1773 193 193 0
1774 193 194 1762
1775 193 194 1762
1776 193 194 1623
1777 193 202 1623
1778 193 267 1733
1779 193 249 1733
1780 193 193 0
1781 194 225 1327
1782 194 226 1327
1783 194 232 1726
1784 194 198 1726
1785 194 256 1663
1786 194 197 1663
1787 194 267 1757
1788 194 267 1757
1789 194 299 1424
1790 194 296 1424
1791 194 194 0
1792 194 195 1753
1793 194 196 1753
1794 194 195 986
1795 194 194 986
1796 195 240 0
1797 195 238 1647
1798 195 214 1647
1799 195 219 1775
1800 195 214 1775
1801 195 196 1776
1802 195 199 1776
1803 195 195 1735
1804 195 201 1735
1805 196 202 1128
1806 196 202 1128
1807 196 272 1616
1808 196 273 1616
1809 196 196 922
1810 196 196 922
1811 196 243 1252
1812 196 263 1252
1813 196 196 0
1814 196 198 1792
1815 196 196 1792
1816 196 197 1792
1817 196 203 1794
1818 196 201 1794
1819 197 295 0
1820 197 210 1480
1821 197 206 1480
1822 197 219 1810
1823 197 262 1810
1824 197 197 1622
1825 197 198 1622
1826 197 207 969
1827 197 197 969
1828 197 211 1114
1829 197 200 1114
1830 197 197 0
1831 198 199 0
1832 198 200 1700
1833 198 247 1700
1834 198 199 1701
1835 198 209 1701
1836 198 229 22
1837 198 198 22
1838 198 224 1581
1839 198 224 1581
1840 198 214 968
1841 198 220 968
1842 198 198 1816
1843 198 198 1816
1844 199 200 0
1845 199 200 1739
1846 199 199 1739
1847 199 299 1461
1848 199 296 1461
1849 199 258 1784
1850 199 213 1784
1851 199 200 1713
1852 199 201 1713
1853 199 199 0
1854 199 201 1825
1855 199 208 1825
1856 199 199 1843
1857 199 199 1843
1858 200 200 0
1859 200 204 1802
1860 200 210 1802
1861 200 201 1628
1862 200 210 1628
1863 200 200 1857
1864 200 201 1857
1865 201 203 1844
1866 201 299 1844
1867 201 202 1845
1868 201 205 1845
1869 201 202 1851
1870 201 201 1851
1871 201 204 1666
1872 201 204 1666
1873 201 268 1023
1874 201 262 1023
1875 201 201 1134
1876 201 206 1134
1877 201 204 1829
1878 201 218 1829
1879 202 207 1014
1880 202 202 1014
1881 202 202 1870
1882 202 204 1870
1883 202 202 1768
1884 202 202 1768
1885 202 296 669
1886 202 280 669
1887 202 229 1875
1888 202 205 1875
1889 202 205 1253
1890 202 262 1253
1891 202 203 1864
1892 202 211 1864
1893 203 205 1806
1894 203 205 1806
1895 203 203 1883
1896 203 204 1883
1897 203 253 1331
1898 203 275 1331
1899 203 231 1250
1900 203 252 1250
1901 203 203 1732
1902 203 203 1732
1903 203 284 917
1904 203 293 917
1905 203 206 1777
1906 203 261 1777
1907 203 263 1777
1908 203 203 1547
1909 203 203 1547
1910 203 205 1600
1911 203 203 1600
1912 204 262 1015
1913 204 263 1015
1914 204 255 1119
1915 204 226 1119
1916 204 236 1555
1917 204 278 1555
1918 204 272 1555
1919 204 206 1902
1920 204 204 1902
1921 204 238 1909
1922 204 234 1909
1923 204 204 0
1924 204 232 949
1925 204 226 949
1926 204 265 0
1927 205 254 0
1928 205 205 1315
1929 205 205 1315
1930 205 208 1882
1931 205 258 1882
1932 205 206 1882
1933 205 215 253
1934 205 216 253
1935 205 210 1872
1936 205 215 1872
1937 205 209 1896
1938 205 252 1896
1939 205 206 1920
1940 205 205 1920
1941 205 217 305
1942 205 205 305
1943 205 208 1877
1944 205 224 1877
1945 205 218 677
1946 205 213 677
1947 205 217 677
1948 206 209 1868
1949 206 210 1868
1950 206 233 0
1951 206 271 1929
1952 206 278 1929
1953 206 206 1316
1954 206 219 1316
1955 206 267 961
1956 206 208 961
1957 206 209 961
1958 206 279 1571
1959 206 288 1571
1960 206 228 1894
1961 206 230 1894
1962 206 291 1405
1963 206 258 1405
1964 206 206 1693
1965 206 206 1693
1966 206 242 1889
1967 206 206 1889
1968 206 245 1506
1969 206 216 1506
1970 206 226 1506
1971 206 208 1910
1972 206 209 1910
1973 207 284 1953
1974 207 218 1953
1975 207 207 1740
1976 207 268 1740
1977 207 234 870
1978 207 234 870
1979 207 210 1965
1980 207 287 1965
1981 207 273 751
1982 207 284 751
1983 207 237 1174
1984 207 210 1174
1985 207 266 1939
1986 207 210 1939
1987 207 248 1939
1988 207 214 1876
1989 207 207 1876
1990 207 213 0
1991 207 223 1411
1992 207 286 1411
1993 207 209 1905
1994 207 213 1905
1995 208 270 1879
1996 208 269 1879
1997 208 216 1975
1998 208 242 1975
1999 208 208 869
2000 208 209 869
2001 208 209 1989
2002 208 210 1989
2003 208 208 1826
2004 208 241 1826
2005 208 209 1487
2006 208 208 1487
2007 208 253 1235
2008 208 214 1235
2009 208 211 0
2010 209 216 1930
2011 209 209 1930
2012 209 285 883
2013 209 223 883
2014 209 222 861
2015 209 212 861
2016 209 210 1855
2017 209 209 1855
2018 209 221 2003
2019 209 224 2003
2020 209 216 0
2021 209 209 0
2022 209 209 1971
2023 209 219 1971
2024 209 299 1551
2025 209 212 1551
2026 209 209 0
2027 210 211 1324
2028 210 211 1324
2029 210 299 1948
2030 210 214 1948
2031 210 210 1835
2032 210 210 1835
2033 210 269 1957
2034 210 265 1957
2035 210 211 2000
2036 210 296 2000
2037 210 217 2017
2038 210 210 2017
2039 210 210 1564
2040 210 210 1564
2041 210 282 1339
2042 210 289 1339
2043 210 285 1736
2044 210 263 1736
2045 210 212 2005
2046 210 210 2005
2047 210 213 1721
2048 210 214 1721
2049 210 299 0
2050 211 244 1820
2051 211 212 1820
2052 211 214 1820
2053 211 211 2032
2054 211 229 2032
2055 211 215 0
2056 211 217 2016
2057 211 219 2016
2058 211 256 1058
2059 211 255 1058
2060 211 287 2002
2061 211 275 2002
2062 211 281 2040
2063 211 214 2040
2064 211 223 1860
2065 211 212 1860
2066 211 264 1862
2067 211 276 1862
2068 211 282 1414
2069 211 250 1414
2070 211 211 0
2071 211 213 0
2072 212 215 2028
2073 212 214 2028
2074 212 212 2027
2075 212 237 2027
2076 212 214 1481
2077 212 214 1481
2078 212 212 977
2079 212 217 977
2080 212 265 2035
2081 212 285 2035
2082 212 285 1378
2083 212 290 1378
2084 212 213 1828
2085 212 212 1828
2086 212 213 1892
2087 212 215 1892
2088 212 219 2009
2089 212 215 2009
2090 213 214 1325
2091 213 255 1325
2092 213 218 2074
2093 213 219 2074
2094 213 278 2015
2095 213 271 2015
2096 213 270 2015
2097 213 274 1385
2098 213 285 1385
2099 213 215 2045
2100 213 216 2045
2101 214 258 1850
2102 214 236 1850
2103 214 239 1420
2104 214 236 1420
2105 214 284 1694
2106 214 217 1694
2107 214 218 1694
2108 214 214 1994
2109 214 219 1994
2110 214 218 1565
2111 214 225 1565
2112 214 299 2084
2113 214 283 2084
2114 214 214 1946
2115 214 215 1946
2116 215 226 2030
2117 215 226 2030
2118 215 274 2052
2119 215 216 2052
2120 215 215 2077
2121 215 215 2077
2122 215 236 1798
2123 215 274 1798
2124 215 225 1079
2125 215 223 1079
2126 215 287 1079
2127 215 266 1988
2128 215 228 1988
2129 215 226 0
2130 215 215 1800
2131 215 217 1800
2132 215 224 0
2133 215 218 2048
2134 215 219 2048
2135 215 297 835
2136 215 290 835
2137 215 215 2008
2138 215 216 2008
2139 216 220 2072
2140 216 220 2072
2141 216 218 2120
2142 216 218 2120
2143 216 223 2087
2144 216 217 2087
2145 216 216 2087
2146 217 217 952
2147 217 217 952
2148 217 299 1934
2149 217 221 1934
2150 217 232 2010
2151 217 230 2010
2152 217 219 0
2153 217 217 0
2154 217 227 2020
2155 217 224 2020
2156 217 227 1358
2157 217 245 1358
2158 217 222 2100
2159 217 217 2100
2160 217 218 1969
2161 217 261 1969
2162 217 218 2138
2163 217 219 2138
2164 217 217 0
2165 218 238 1095
2166 218 237 1095
2167 218 271 1095
2168 218 275 2079
2169 218 280 2079
2170 218 218 2146
2171 218 225 2146
2172 218 276 1593
2173 218 273 1593
2174 218 299 0
2175 218 223 897
2176 218 222 897
2177 218 254 2056
2178 218 254 2056
2179 218 218 2037
2180 218 219 2037
2181 218 219 2131
2182 218 230 2131
2183 218 225 1472
2184 218 218 1472
2185 218 292 1323
2186 218 226 1323
2187 219 249 2142
2188 219 220 2142
2189 219 229 1590
2190 219 295 1590
2191 219 219 1000
2192 219 299 1000
2193 219 222 2107
2194 219 224 2107
2195 219 221 1150
2196 219 226 1150
2197 219 236 1748
2198 219 296 1748
2199 219 225 2110
2200 219 225 2110
2201 219 221 2133
2202 219 219 2133
2203 219 286 1878
2204 219 219 1878
2205 219 223 1945
2206 219 219 1945
2207 220 278 1954
2208 220 275 1954
2209 220 297 2191
2210 220 299 2191
2211 220 220 2152
2212 220 230 2152
2213 220 299 1540
2214 220 299 1540
2215 220 294 1822
2216 220 297 1822
2217 220 222 2180
2218 220 221 2180
2219 220 288 1799
2220 220 259 1799
2221 220 297 2181
2222 220 230 2181
2223 220 233 2109
2224 220 246 2109
2225 220 233 1432
2226 220 255 1432
2227 220 232 2204
2228 220 252 2204
2229 220 220 2134
2230 220 275 2134
2231 220 222 2206
2232 220 223 2206
2233 220 220 2163
2234 220 220 2163
2235 221 222 2140
2236 221 233 2140
2237 221 222 2140
2238 221 228 2188
2239 221 274 2188
2240 221 257 1742
2241 221 226 1742
2242 221 222 0
2243 221 221 1841
2244 221 222 1841
2245 221 222 2229
2246 221 242 2229
2247 221 259 0
2248 221 231 2233
2249 221 232 2233
2250 221 251 0
2251 222 287 903
2252 222 237 903
2253 222 231 0
2254 222 223 1322
2255 222 223 1322
2256 223 223 2235
2257 223 223 2235
2258 223 236 0
2259 223 299 0
2260 223 299 0
2261 223 227 2217
2262 223 223 2217
2263 223 223 2244
2264 223 265 2244
2265 223 229 2158
2266 223 228 2158
2267 223 260 0
2268 224 225 1263
2269 224 225 1263
2270 224 225 2257
2271 224 234 2257
2272 224 297 1592
2273 224 299 1592
2274 224 299 2013
2275 224 281 2013
2276 224 284 2175
2277 224 291 2175
2278 224 295 1991
2279 224 299 1991
2280 224 234 2064
2281 224 274 2064
2282 224 224 2143
2283 224 240 2143
2284 224 254 2205
2285 224 224 2205
2286 224 235 2255
2287 224 289 2255
2288 224 226 2232
2289 224 225 2232
2290 224 240 0
2291 225 225 1754
2292 225 226 1754
2293 225 273 0
2294 225 227 1838
2295 225 232 1838
2296 225 229 2019
2297 225 226 2019
2298 225 299 1320
2299 225 227 1320
2300 225 225 2155
2301 225 227 2155
2302 225 244 1305
2303 225 225 1305
2304 225 273 0
2305 226 240 2270
2306 226 269 2270
2307 226 259 1462
2308 226 296 1462
2309 226 253 2171
2310 226 234 2171
2311 226 229 2124
2312 226 226 2124
2313 226 299 1771
2314 226 235 1771
2315 226 294 2200
2316 226 294 2200
2317 226 226 2183
2318 226 254 2183
2319 226 226 0
2320 226 227 2289
2321 226 226 2289
2322 227 242 0
2323 227 227 2292
2324 227 227 2292
2325 227 230 2116
2326 227 229 2116
2327 227 244 1782
2328 227 228 1782
2329 227 228 2241
2330 227 228 2241
2331 227 227 1289
2332 227 236 1289
2333 227 227 2196
2334 227 238 2196
2335 227 243 0
2336 227 242 0
2337 227 231 0
2338 227 232 1544
2339 227 240 1544
2340 227 241 1970
2341 227 278 1970
2342 227 230 2288
2343 227 232 2288
2344 228 236 2324
2345 228 229 2324
2346 228 228 0
2347 228 237 2261
2348 228 228 2261
2349 228 232 0
2350 228 228 2301
2351 228 228 2301
2352 228 231 2299
2353 228 229 2299
2354 228 229 0
2355 228 229 2320
2356 228 228 2320
2357 228 229 1764
2358 228 228 1764
2359 229 230 2238
2360 229 229 2238
2361 229 232 2328
2362 229 233 2328
2363 229 254 2330
2364 229 247 2330
2365 229 260 1960
2366 229 229 1960
2367 229 230 2346
2368 229 232 2346
2369 229 230 2351
2370 229 230 2351
2371 229 234 2356
2372 229 231 2356
2373 230 243 2345
2374 230 230 2345
2375 230 258 1501
2376 230 299 1501
2377 230 235 2326
2378 230 232 2326
2379 230 230 1512
2380 230 230 1512
2381 230 291 1514
2382 230 299 1514
2383 230 234 2054
2384 230 296 2054
2385 230 285 2311
2386 230 287 2311
2387 230 239 1887
2388 230 230 1887
2389 230 282 2296
2390 230 239 2296
2391 230 238 2265
2392 230 235 2265
2393 230 245 2357
2394 230 233 2357
2395 231 231 2374
2396 231 261 2374
2397 231 246 2359
2398 231 275 2359
2399 231 260 2380
2400 231 299 2380
2401 231 235 1503
2402 231 276 1503
2403 231 233 1961
2404 231 231 1961
2405 231 231 2212
2406 231 233 2212
2407 231 237 2222
2408 231 236 2222
2409 231 237 2369
2410 231 232 2369
2411 231 231 65
2412 231 232 65
2413 231 231 0
2414 232 233 0
2415 232 244 2352
2416 232 288 2352
2417 232 232 2248
2418 232 232 2248
2419 233 242 1328
2420 233 299 1328
2421 233 235 2150
2422 233 247 2150
2423 233 240 0
2424 233 236 2295
2425 233 236 2295
2426 233 262 2368
2427 233 258 2368
2428 233 299 0
2429 233 248 2349
2430 233 233 2349
2431 233 246 2410
2432 233 285 2410
2433 233 233 2412
2434 233 234 2412
2435 233 299 2227
2436 233 294 2227
2437 233 246 0
2438 233 234 2343
2439 233 233 2343
2440 233 281 2249
2441 233 237 2249
2442 234 243 2362
2443 234 251 2362
2444 234 235 2403
2445 234 234 2403
2446 234 236 2406
2447 234 236 2406
2448 234 235 1041
2449 234 234 1041
2450 234 247 1488
2451 234 249 1488
2452 234 251 2394
2453 234 243 2394
2454 234 247 2439
2455 234 234 2439
2456 234 234 0
2457 235 235 2271
2458 235 235 2271
2459 235 241 0
2460 235 238 2383
2461 235 254 2383
2462 235 299 2310
2463 235 293 2310
2464 235 283 1978
2465 235 272 1978
2466 235 287 2280
2467 235 265 2280
2468 235 247 2434
2469 235 252 2434
2470 235 239 1922
2471 235 299 1922
2472 235 235 1433
2473 235 236 1433
2474 235 265 0
2475 236 236 2457
2476 236 238 2457
2477 236 239 2377
2478 236 238 2377
2479 236 299 1604
2480 236 297 1604
2481 236 268 0
2482 236 250 2421
2483 236 239 2421
2484 236 239 2444
2485 236 236 2444
2486 236 299 1626
2487 236 299 1626
2488 236 299 2448
2489 236 299 2448
2490 236 242 2472
2491 236 242 2472
2492 236 244 0
2493 236 253 0
2494 237 260 0
2495 237 299 2102
2496 237 299 2102
2497 237 299 1916
2498 237 299 1916
2499 237 237 2447
2500 237 244 2447
2501 237 238 2332
2502 237 237 2332
2503 237 238 2425
2504 237 238 2425
2505 237 268 1042
2506 237 237 1042
2507 237 237 0
2508 238 241 1681
2509 238 299 1681
2510 238 254 1366
2511 238 299 1366
2512 238 275 2075
2513 238 274 2075
2514 238 247 2252
2515 238 247 2252
2516 238 255 2502
2517 238 241 2502
2518 238 241 1983
2519 238 241 1983
2520 238 246 2347
2521 238 239 2347
2522 238 255 0
2523 238 238 1470
2524 238 238 1470
2525 238 299 2407
2526 238 287 2407
2527 238 242 2409
2528 238 299 2409
2529 239 242 2165
2530 239 270 2165
2531 239 239 2476
2532 239 239 2476
2533 239 239 2478
2534 239 239 2478
2535 239 293 0
2536 239 294 1797
2537 239 299 1797
2538 239 290 1797
2539 239 299 1589
2540 239 299 1589
2541 239 260 1504
2542 239 243 1504
2543 239 258 0
2544 239 240 2504
2545 239 240 2504
2546 239 239 2334
2547 239 240 2334
2548 239 242 2524
2549 239 245 2524
2550 239 239 1258
2551 239 241 1258
2552 239 294 1921
2553 239 299 1921
2554 239 240 2391
2555 239 239 2391
2556 239 239 1478
2557 239 241 1478
2558 239 245 0
2559 239 260 0
2560 240 242 2533
2561 240 241 2533
2562 240 243 2483
2563 240 246 2483
2564 240 258 1610
2565 240 252 1610
2566 240 241 2484
2567 240 240 2484
2568 240 299 2103
2569 240 288 2103
2570 240 243 2387
2571 240 240 2387
2572 240 240 1651
2573 240 240 1651
2574 241 267 2305
2575 241 265 2305
2576 241 267 2305
2577 241 299 1018
2578 241 299 1018
2579 241 299 1572
2580 241 242 1572
2581 241 259 1559
2582 241 242 1559
2583 241 243 2423
2584 241 241 2423
2585 241 299 1614
2586 241 299 1614
2587 241 252 2545
2588 241 241 2545
2589 241 275 2547
2590 241 282 2547
2591 241 299 1695
2592 241 254 1695
2593 241 297 1695
2594 241 299 1529
2595 241 281 1529
2596 241 288 2339
2597 241 274 2339
2598 241 242 2554
2599 241 299 2554
2600 241 241 2283
2601 241 242 2283
2602 241 242 0
2603 241 299 2572
2604 241 260 2572
2605 242 242 2561
2606 242 242 2561
2607 242 271 1608
2608 242 248 1608
2609 242 252 2566
2610 242 244 2566
2611 242 248 2517
2612 242 246 2517
2613 242 260 2517
2614 242 297 1450
2615 242 243 1450
2616 242 252 2588
2617 242 245 2588
2618 242 242 2518
2619 242 242 2518
2620 242 246 2004
2621 242 254 2004
2622 242 299 2551
2623 242 299 2551
2624 242 249 2557
2625 242 299 2557
2626 243 243 2605
2627 243 243 2605
2628 243 244 0
2629 243 252 1998
2630 243 244 1998
2631 243 286 1476
2632 243 299 1476
2633 243 299 1613
2634 243 299 1613
2635 243 250 1351
2636 243 243 1351
2637 243 299 1468
2638 243 299 1468
2639 243 246 2618
2640 243 244 2618
2641 243 299 2548
2642 243 250 2548
2643 243 256 1759
2644 243 257 1759
2645 243 244 2598
2646 243 244 2598
2647 243 299 1431
2648 243 253 1431
2649 243 277 2601
2650 243 297 2601
2651 243 290 2490
2652 243 291 2490
2653 243 298 2602
2654 243 251 2602
2655 243 291 2491
2656 243 299 2491
2657 244 244 0
2658 244 265 2373
2659 244 299 2373
2660 244 244 2627
2661 244 244 2627
2662 244 245 1475
2663 244 299 1475
2664 244 252 2583
2665 244 247 2583
2666 244 244 0
2667 244 299 984
2668 244 299 984
2669 244 248 2570
2670 244 248 2570
2671 244 299 1811
2672 244 260 1811
2673 244 296 1259
2674 244 248 1259
2675 244 264 2453
2676 244 253 2453
2677 245 254 2657
2678 245 253 2657
2679 245 246 2661
2680 245 246 2661
2681 245 246 2327
2682 245 249 2327
2683 245 246 0
2684 245 245 0
2685 245 250 2500
2686 245 254 2500
2687 245 258 1402
2688 245 262 1402
2689 245 245 0
2690 245 247 2645
2691 245 299 2645
2692 245 299 2302
2693 245 266 2302
2694 245 299 1522
2695 245 298 1522
2696 246 252 1687
2697 246 299 1687
2698 246 299 0
2699 246 246 0
2700 246 246 0
2701 246 299 1719
2702 246 279 1719
2703 246 274 2157
2704 246 248 2157
2705 246 246 2157
2706 246 296 1968
2707 246 292 1968
2708 246 261 0
2709 247 248 2680
2710 247 249 2680
2711 247 250 2397
2712 247 257 2397
2713 247 299 2683
2714 247 299 2683
2715 247 247 14
2716 247 247 14
2717 247 247 2563
2718 247 248 2563
2719 247 247 0
2720 247 252 0
2721 247 247 2639
2722 247 247 2639
2723 247 248 2520
2724 247 257 2520
2725 247 273 2620
2726 247 255 2620
2727 247 299 2224
2728 247 261 2224
2729 247 247 2431
2730 247 258 2431
2731 248 251 1682
2732 248 289 1682
2733 248 248 0
2734 248 268 0
2735 248 299 1833
2736 248 249 1833
2737 248 248 2364
2738 248 249 2364
2739 248 251 2716
2740 248 251 2716
2741 248 299 2514
2742 248 299 2514
2743 248 258 2422
2744 248 251 2422
2745 248 271 2721
2746 248 269 2721
2747 248 252 2690
2748 248 299 2690
2749 248 299 1043
2750 248 269 1043
2751 248 265 1063
2752 248 253 1063
2753 249 295 1653
2754 249 249 1653
2755 249 249 2718
2756 249 252 2718
2757 249 249 2611
2758 249 249 2611
2759 249 250 2670
2760 249 250 2670
2761 249 251 2429
2762 249 249 2429
2763 249 257 0
2764 249 274 2704
2765 249 250 2704
2766 249 298 0
2767 250 268 2754
2768 250 250 2754
2769 250 250 2710
2770 250 251 2710
2771 250 299 2187
2772 250 252 2187
2773 250 250 2682
2774 250 250 2682
2775 250 250 2738
2776 250 260 2738
2777 250 253 1728
2778 250 251 1728
2779 250 250 0
2780 250 250 1217
2781 250 270 1217
2782 250 299 1218
2783 250 299 1218
2784 250 299 1779
2785 250 299 1779
2786 250 250 0
2787 250 299 2451
2788 250 299 2451
2789 250 282 2624
2790 250 299 2624
2791 250 265 0
2792 251 273 2773
2793 251 254 2773
2794 251 251 2482
2795 251 251 2482
2796 251 256 2635
2797 251 251 2635
2798 251 299 1442
2799 251 295 1442
2800 251 251 2759
2801 251 251 2759
2802 251 262 2759
2803 251 251 2780
2804 251 251 2780
2805 251 299 2642
2806 251 291 2642
2807 251 299 2069
2808 251 284 2069
2809 252 290 0
2810 252 254 2770
2811 252 253 2770
2812 252 297 2443
2813 252 299 2443
2814 252 258 1691
2815 252 257 1691
2816 252 299 2739
2817 252 299 2739
2818 252 268 2794
2819 252 254 2794
2820 252 299 0
2821 252 281 2778
2822 252 254 2778
2823 252 258 1517
2824 252 299 1517
2825 252 299 2800
2826 252 285 2800
2827 252 298 2761
2828 252 255 2761
2829 252 278 2804
2830 252 299 2804
2831 252 256 0
2832 252 254 0
2833 253 253 0
2834 253 299 2629
2835 253 271 2629
2836 253 299 1703
2837 253 299 1703
2838 253 255 1692
2839 253 253 1692
2840 253 260 2565
2841 253 257 2565
2842 253 299 1573
2843 253 299 1573
2844 253 263 2609
2845 253 275 2609
2846 253 299 1352
2847 253 299 1352
2848 253 257 1938
2849 253 253 1938
2850 253 257 2587
2851 253 256 2587
2852 253 299 264
2853 253 283 264
2854 253 296 2747
2855 253 253 2747
2856 253 253 2469
2857 253 253 2469
2858 254 299 2811
2859 254 256 2811
2860 254 254 0
2861 254 274 2839
2862 254 259 2839
2863 254 264 2309
2864 254 263 2309
2865 254 254 1463
2866 254 254 1463
2867 254 299 1715
2868 254 255 1715
2869 254 270 0
2870 254 255 1897
2871 254 256 1897
2872 254 272 2857
2873 254 275 2857
2874 254 289 2007
2875 254 278 2007
2876 254 260 2493
2877 254 260 2493
2878 254 269 2676
2879 254 258 2676
2880 255 257 2461
2881 255 258 2461
2882 255 258 2363
2883 255 256 2363
2884 255 265 2819
2885 255 261 2819
2886 255 282 2866
2887 255 299 2866
2888 255 256 2822
2889 255 299 2822
2890 255 258 2686
2891 255 260 2686
2892 255 274 1620
2893 255 299 1620
2894 255 255 2177
2895 255 255 2177
2896 255 299 87
2897 255 299 87
2898 255 262 2318
2899 255 260 2318
2900 255 299 1479
2901 255 262 1479
2902 256 256 0
2903 256 272 0
2904 256 299 1611
2905 256 299 1611
2906 256 266 2516
2907 256 276 2516
2908 256 260 2895
2909 256 260 2895
2910 256 299 2895
2911 256 289 2059
2912 256 299 2059
2913 256 256 2828
2914 256 256 2828
2915 256 296 2726
2916 256 262 2726
2917 256 257 0
2918 256 299 2226
2919 256 291 2226
2920 256 256 0
2921 257 270 0
2922 257 268 2859
2923 257 258 2859
2924 257 265 1483
2925 257 299 1483
2926 257 299 1785
2927 257 299 1785
2928 257 278 0
2929 257 259 2888
2930 257 261 2888
2931 257 299 1716
2932 257 299 1716
2933 257 299 2796
2934 257 294 2796
2935 257 297 1659
2936 257 257 1659
2937 257 257 2871
2938 257 257 2871
2939 257 265 1057
2940 257 264 1057
2941 257 293 2058
2942 257 282 2058
2943 258 258 0
2944 258 260 2712
2945 258 273 2712
2946 258 264 0
2947 258 278 1765
2948 258 259 1765
2949 258 258 2240
2950 258 277 2240
2951 258 258 0
2952 258 259 2848
2953 258 289 2848
2954 258 269 2850
2955 258 258 2850
2956 258 258 2938
2957 258 258 2938
2958 258 258 2724
2959 258 262 2724
2960 258 258 2763
2961 258 265 2763
2962 258 258 2644
2963 258 259 2644
2964 258 266 1530
2965 258 293 1530
2966 258 299 948
2967 258 299 948
2968 258 259 0
2969 258 299 1546
2970 258 299 1546
2971 258 263 0
2972 259 259 2375
2973 259 259 2375
2974 259 299 1482
2975 259 269 1482
2976 259 299 2814
2977 259 263 2814
2978 259 261 2881
2979 259 262 2881
2980 259 299 1849
2981 259 299 1849
2982 259 259 2882
2983 259 278 2882
2984 259 299 2101
2985 259 259 2101
2986 259 267 1931
2987 259 263 1931
2988 259 299 2543
2989 259 271 2543
2990 259 259 2956
2991 259 281 2956
2992 259 299 1963
2993 259 299 1963
2994 259 266 2730
2995 259 268 2730
2996 259 268 0
2997 260 267 2972
2998 260 265 2972
2999 260 262 2862
3000 260 299 2862
3001 260 271 2307
3002 260 260 2307
3003 260 262 2581
3004 260 265 2581
3005 260 271 0
3006 260 260 0
3007 260 299 1516
3008 260 261 1516
3009 260 260 1749
3010 260 260 1749
3011 260 263 2220
3012 260 261 2220
3013 260 260 2963
3014 260 299 2963
3015 260 286 0
3016 260 260 0
3017 260 261 0
3018 261 267 2944
3019 261 279 2944
3020 261 272 2399
3021 261 269 2399
3022 261 261 2494
3023 261 299 2494
3024 261 261 2776
3025 261 261 2776
3026 261 264 2840
3027 261 270 2840
3028 261 280 2365
3029 261 263 2365
3030 261 264 0
3031 261 299 2613
3032 261 299 2613
3033 261 264 2908
3034 261 264 2908
3035 261 261 0
3036 261 261 0
3037 261 262 2672
3038 261 262 2672
3039 261 299 3009
3040 261 299 3009
3041 261 262 3013
3042 261 299 3013
3043 261 261 0
3044 261 261 2604
3045 261 261 2604
3046 261 265 2876
3047 261 299 2876
3048 262 299 1704
3049 262 299 1704
3050 262 264 3022
3051 262 262 3022
3052 262 265 3025
3053 262 270 3025
3054 262 265 2885
3055 262 266 2885
3056 262 267 0
3057 262 262 2930
3058 262 263 2930
3059 262 270 0
3060 262 296 3008
3061 262 299 3008
3062 262 263 0
3063 262 268 1906
3064 262 294 1906
3065 262 299 1545
3066 262 299 1545
3067 262 267 0
3068 262 266 3045
3069 262 266 3045
3070 263 263 0
3071 263 299 1912
3072 263 299 1912
3073 263 271 2979
3074 263 272 2979
3075 263 268 3003
3076 263 264 3003
3077 263 293 1823
3078 263 282 1823
3079 263 263 2688
3080 263 268 2688
3081 263 274 2688
3082 263 271 1874
3083 263 265 1874
3084 263 274 2426
3085 263 265 2426
3086 263 264 2959
3087 263 271 2959
3088 263 263 2802
3089 263 266 2802
3090 263 265 0
3091 263 263 3038
3092 263 299 3038
3093 263 299 1706
3094 263 277 1706
3095 263 299 1890
3096 263 299 1890
3097 263 299 3041
3098 263 299 3041
3099 263 263 2916
3100 263 273 2916
3101 263 295 0
3102 263 293 2898
3103 263 264 2898
3104 263 263 2901
3105 263 264 2901
3106 263 263 0
3107 264 269 3070
3108 264 264 3070
3109 264 265 1913
3110 264 268 1913
3111 264 277 2977
3112 264 270 2977
3113 264 267 3029
3114 264 266 3029
3115 264 299 3058
3116 264 299 3058
3117 264 299 1705
3118 264 299 1705
3119 264 299 1812
3120 264 299 1812
3121 264 264 3091
3122 264 268 3091
3123 264 294 3011
3124 264 296 3011
3125 264 269 0
3126 264 268 2044
3127 264 264 2044
3128 264 266 0
3129 265 266 3050
3130 265 266 3050
3131 265 265 2863
3132 265 267 2863
3133 265 265 3034
3134 265 265 3034
3135 265 299 1746
3136 265 299 1746
3137 265 276 2066
3138 265 299 2066
3139 265 268 0
3140 265 267 3105
3141 265 266 3105
3142 266 270 2658
3143 266 271 2658
3144 266 299 1686
3145 266 266 1686
3146 266 268 2034
3147 266 299 2034
3148 266 272 0
3149 266 274 2884
3150 266 272 2884
3151 266 266 0
3152 266 266 0
3153 266 293 0
3154 266 266 2080
3155 266 272 2080
3156 266 266 3133
3157 266 266 3133
3158 266 266 3083
3159 266 266 3083
3160 266 275 2939
3161 266 266 2939
3162 266 299 2961
3163 266 299 2961
3164 266 270 2264
3165 266 269 2264
3166 266 270 0
3167 266 291 2751
3168 266 299 2751
3169 266 299 3046
3170 266 299 3046
3171 266 299 1926
3172 266 268 1926
3173 266 284 2791
3174 266 284 2791
3175 266 299 2474
3176 266 299 2474
3177 266 271 0
3178 266 266 0
3179 267 299 0
3180 267 269 3130
3181 267 270 3130
3182 267 268 0
3183 267 268 3157
3184 267 299 3157
3185 267 299 0
3186 267 268 3159
3187 267 269 3159
3188 267 269 0
3189 267 272 2127
3190 267 272 2127
3191 267 299 1985
3192 267 299 1985
3193 267 267 1985
3194 267 278 2693
3195 267 279 2693
3196 267 267 3068
3197 267 267 3068
3198 267 267 3141
3199 267 267 3141
3200 267 299 0
3201 268 278 2997
3202 268 272 2997
3203 268 268 2576
3204 268 284 2576
3205 268 299 1955
3206 268 299 1955
3207 268 276 3132
3208 268 299 3132
3209 268 276 0
3210 268 274 3113
3211 268 298 3113
3212 268 299 1787
3213 268 299 1787
3214 268 299 1788
3215 268 299 1788
3216 268 284 1778
3217 268 282 1778
3218 268 299 1778
3219 268 268 3197
3220 268 268 3197
3221 268 270 3198
3222 268 268 3198
3223 269 299 3203
3224 269 283 3203
3225 269 272 2767
3226 269 269 2767
3227 269 269 3110
3228 269 269 3110
3229 269 299 1976
3230 269 299 1976
3231 269 270 2818
3232 269 269 2818
3233 269 271 2481
3234 269 274 2481
3235 269 269 0
3236 269 270 3075
3237 269 271 3075
3238 269 269 3080
3239 269 299 3080
3240 269 270 3183
3241 269 270 3183
3242 269 299 1873
3243 269 299 1873
3244 269 299 3122
3245 269 299 3122
3246 269 299 2995
3247 269 284 2995
3248 269 299 3063
3249 269 292 3063
3250 269 299 1490
3251 269 299 1490
3252 269 281 3126
3253 269 279 3126
3254 269 270 0
3255 269 271 3220
3256 269 271 3220
3257 269 269 2996
3258 269 273 2996
3259 269 269 0
3260 270 288 2306
3261 270 278 2306
3262 270 271 3107
3263 270 270 3107
3264 270 285 0
3265 270 271 1996
3266 270 299 1996
3267 270 299 2975
3268 270 276 2975
3269 270 299 3227
3270 270 270 3227
3271 270 299 2033
3272 270 299 2033
3273 270 299 2033
3274 270 270 3187
3275 270 291 3187
3276 270 270 3165
3277 270 271 3165
3278 270 299 3125
3279 270 299 3125
3280 270 271 2750
3281 270 271 2750
3282 270 270 0
3283 270 271 0
3284 271 299 2530
3285 271 277 2530
3286 271 273 3270
3287 271 283 3270
3288 271 273 3181
3289 271 299 3181
3290 271 278 3053
3291 271 299 3053
3292 271 275 3231
3293 271 272 3231
3294 271 273 3231
3295 271 299 3231
3296 271 273 3027
3297 271 276 3027
3298 271 299 2869
3299 271 294 2869
3300 271 274 3241
3301 271 277 3241
3302 271 271 3274
3303 271 272 3274
3304 271 271 0
3305 271 276 3221
3306 271 290 3221
3307 271 272 0
3308 272 295 0
3309 272 284 0
3310 272 275 3262
3311 272 272 3262
3312 272 273 3143
3313 272 273 3143
3314 272 274 3265
3315 272 275 3265
3316 272 275 2167
3317 272 277 2167
3318 272 299 1951
3319 272 299 1951
3320 272 276 1491
3321 272 272 1491
3322 272 299 2835
3323 272 299 2835
3324 272 276 3001
3325 272 274 3001
3326 272 277 2607
3327 272 279 2607
3328 272 272 3237
3329 272 273 3237
3330 272 272 0
3331 272 277 2095
3332 272 272 2095
3333 272 273 3082
3334 272 284 3082
3335 272 272 2745
3336 272 275 2745
3337 272 272 0
3338 272 272 2745
3339 272 299 0
3340 272 272 3087
3341 272 277 3087
3342 272 272 3277
3343 272 299 3277
3344 272 288 3277
3345 272 299 3280
3346 272 299 3280
3347 272 279 0
3348 272 286 0
3349 272 272 3256
3350 272 272 3256
3351 272 280 3177
3352 272 277 3177
3353 273 275 0
3354 273 275 3202
3355 273 299 3202
3356 273 273 3225
3357 273 287 3225
3358 273 287 2903
3359 273 285 2903
3360 273 274 3074
3361 273 276 3074
3362 273 299 1918
3363 273 292 1918
3364 273 296 0
3365 273 284 3332
3366 273 299 3332
3367 273 277 3155
3368 273 289 3155
3369 273 299 2465
3370 273 288 2465
3371 273 280 3303
3372 273 281 3303
3373 273 295 3335
3374 273 299 3335
3375 273 280 3189
3376 273 278 3189
3377 273 273 3350
3378 273 275 3350
3379 274 276 3356
3380 274 277 3356
3381 274 275 3313
3382 274 274 3313
3383 274 274 2945
3384 274 287 2945
3385 274 299 2792
3386 274 299 2792
3387 274 299 1612
3388 274 299 1612
3389 274 276 3329
3390 274 275 3329
3391 274 274 0
3392 274 299 1808
3393 274 275 1808
3394 274 296 2173
3395 274 299 2173
3396 274 299 1981
3397 274 293 1981
3398 274 275 2725
3399 274 275 2725
3400 274 299 377
3401 274 299 377
3402 274 278 0
3403 275 285 2513
3404 275 285 2513
3405 275 280 2118
3406 275 275 2118
3407 275 299 2123
3408 275 299 2123
3409 275 276 2861
3410 275 287 2861
3411 275 275 3234
3412 275 289 3234
3413 275 279 3149
3414 275 277 3149
3415 275 292 0
3416 275 299 2097
3417 275 299 2097
3418 275 299 3084
3419 275 299 3084
3420 275 299 2281
3421 275 299 2281
3422 275 299 2281
3423 275 299 2703
3424 275 275 2703
3425 275 292 1489
3426 275 299 1489
3427 275 299 2764
3428 275 275 2764
3429 275 275 0
3430 275 299 0
3431 275 275 0
3432 276 299 3310
3433 276 277 3310
3434 276 282 2512
3435 276 299 2512
3436 276 277 3381
3437 276 294 3381
3438 276 299 3315
3439 276 299 3315
3440 276 276 3316
3441 276 281 3316
3442 276 277 2398
3443 276 277 2398
3444 276 285 2168
3445 276 276 2168
3446 276 299 2208
3447 276 299 2208
3448 276 299 3292
3449 276 286 3292
3450 276 276 3390
3451 276 277 3390
3452 276 299 2845
3453 276 277 2845
3454 276 299 0
3455 276 276 0
3456 276 278 0
3457 276 278 3393
3458 276 299 3393
3459 276 278 3160
3460 276 299 3160
3461 276 282 2589
3462 276 279 2589
3463 276 299 1898
3464 276 278 1898
3465 276 299 2061
3466 276 299 2061
3467 276 289 3399
3468 276 295 3399
3469 276 276 2873
3470 276 276 2873
3471 276 292 3428
3472 276 280 3428
3473 276 278 2230
3474 276 280 2230
3475 276 282 3378
3476 276 282 3378
3477 276 277 0
3478 277 278 3379
3479 277 290 3379
3480 277 277 3320
3481 277 277 3320
3482 277 278 3361
3483 277 280 3361
3484 277 278 3324
3485 277 277 3324
3486 277 297 3207
3487 277 297 3207
3488 277 299 2172
3489 277 299 2172
3490 277 299 2907
3491 277 299 2907
3492 277 299 0
3493 277 280 3137
3494 277 279 3137
3495 277 277 2067
3496 277 278 2067
3497 277 282 3469
3498 277 299 3469
3499 278 283 3285
3500 278 281 3285
3501 278 280 3443
3502 278 278 3443
3503 278 299 0
3504 278 278 3480
3505 278 278 3480
3506 278 299 3111
3507 278 279 3111
3508 278 278 2950
3509 278 278 2950
3510 278 299 0
3511 278 299 3451
3512 278 280 3451
3513 278 293 0
3514 278 287 3453
3515 278 280 3453
3516 278 299 0
3517 278 278 3301
3518 278 289 3301
3519 278 295 0
3520 278 278 3341
3521 278 279 3341
3522 278 299 1473
3523 278 299 1473
3524 279 280 3478
3525 279 284 3478
3526 279 285 3201
3527 279 280 3201
3528 279 279 3502
3529 279 279 3502
3530 279 299 1952
3531 279 289 1952
3532 279 294 3505
3533 279 279 3505
3534 279 282 2207
3535 279 299 2207
3536 279 299 2947
3537 279 299 2947
3538 279 285 3484
3539 279 281 3484
3540 279 299 3508
3541 279 299 3508
3542 279 288 3290
3543 279 296 3290
3544 279 279 2928
3545 279 299 2928
3546 279 299 3457
3547 279 299 3457
3548 279 298 1917
3549 279 299 1917
3550 279 279 2094
3551 279 279 2094
3552 279 299 0
3553 279 299 2829
3554 279 299 2829
3555 279 287 3496
3556 279 299 3496
3557 279 283 2341
3558 279 279 2341
3559 279 280 2875
3560 279 299 2875
3561 279 293 0
3562 280 292 0
3563 280 299 3327
3564 280 299 3327
3565 280 294 0
3566 280 281 1958
3567 280 280 1958
3568 280 287 3413
3569 280 299 3413
3570 280 296 0
3571 280 288 0
3572 280 280 3551
3573 280 292 3551
3574 280 282 0
3575 280 280 3521
3576 280 286 3521
3577 280 280 0
3578 280 299 2702
3579 280 297 2702
3580 280 299 3195
3581 280 299 3195
3582 280 283 0
3583 280 285 0
3584 281 291 0
3585 281 281 3405
3586 281 283 3405
3587 281 283 3483
3588 281 295 3483
3589 281 299 2169
3590 281 299 2169
3591 281 286 3572
3592 281 284 3572
3593 281 283 3375
3594 281 281 3375
3595 281 299 1886
3596 281 299 1886
3597 281 289 3493
3598 281 283 3493
3599 281 297 0
3600 281 284 3351
3601 281 282 3351
3602 282 283 3441
3603 282 299 3441
3604 282 284 3585
3605 282 282 3585
3606 282 299 3566
3607 282 299 3566
3608 282 293 0
3609 282 289 0
3610 282 284 2821
3611 282 285 2821
3612 282 282 2275
3613 282 282 2275
3614 282 287 2275
3615 282 283 3372
3616 282 287 3372
3617 282 299 2062
3618 282 292 2062
3619 282 283 3252
3620 282 282 3252
3621 282 284 0
3622 282 299 2440
3623 282 282 2440
3624 282 286 0
3625 282 283 0
3626 283 287 0
3627 283 283 3434
3628 283 287 3434
3629 283 284 3613
3630 283 289 3613
3631 283 287 3461
3632 283 283 3461
3633 283 298 2590
3634 283 299 2590
3635 283 283 0
3636 283 287 2389
3637 283 290 2389
3638 283 299 2389
3639 283 299 2041
3640 283 299 2041
3641 283 299 2068
3642 283 299 2068
3643 283 299 3497
3644 283 299 3497
3645 283 299 2789
3646 283 299 2789
3647 283 283 3623
3648 283 283 3623
3649 283 286 0
3650 283 287 3476
3651 283 287 3476
3652 283 299 0
3653 284 299 3499
3654 284 293 3499
3655 284 286 3602
3656 284 289 3602
3657 284 289 3586
3658 284 295 3586
3659 284 293 3287
3660 284 293 3287
3661 284 298 2464
3662 284 299 2464
3663 284 288 3615
3664 284 288 3615
3665 284 288 3632
3666 284 293 3632
3667 284 286 2853
3668 284 284 2853
3669 284 293 3593
3670 284 291 3593
3671 284 285 3619
3672 284 284 3619
3673 284 284 0
3674 284 299 2113
3675 284 284 2113
3676 284 290 3557
3677 284 299 3557
3678 284 299 3647
3679 284 299 3647
3680 285 285 3309
3681 285 285 3309
3682 285 286 3604
3683 285 299 3604
3684 285 299 1973
3685 285 299 1973
3686 285 299 3592
3687 285 297 3592
3688 285 286 2276
3689 285 299 2276
3690 285 285 3334
3691 285 285 3334
3692 285 299 1982
3693 285 285 1982
3694 285 290 2105
3695 285 299 2105
3696 285 299 3668
3697 285 299 3668
3698 285 285 1903
3699 285 285 1903
3700 285 285 3216
3701 285 299 3216
3702 285 299 1903
3703 285 299 3247
3704 285 299 3247
3705 285 299 3600
3706 285 299 3600
3707 285 286 3174
3708 285 285 3174
3709 285 285 0
3710 285 285 0
3711 286 299 3680
3712 286 299 3680
3713 286 291 3526
3714 286 289 3526
3715 286 299 3403
3716 286 299 3403
3717 286 287 3404
3718 286 289 3404
3719 286 286 3444
3720 286 286 3444
3721 286 288 3538
3722 286 286 3538
3723 286 292 3611
3724 286 293 3611
3725 286 299 2012
3726 286 286 2012
3727 286 299 2081
3728 286 289 2081
3729 286 286 2081
3730 286 299 2098
3731 286 299 2098
3732 286 299 0
3733 286 286 2385
3734 286 289 2385
3735 286 299 0
3736 286 297 3700
3737 286 286 3700
3738 286 299 3699
3739 286 299 3699
3740 286 289 0
3741 286 297 2432
3742 286 299 2432
3743 286 286 0
3744 286 297 2043
3745 286 299 2043
3746 286 297 0
3747 286 299 3671
3748 286 299 3671
3749 286 299 3671
3750 286 286 2082
3751 286 286 2082
3752 286 287 3710
3753 286 288 3710
3754 286 294 0
3755 287 289 0
3756 287 299 3682
3757 287 288 3682
3758 287 299 0
3759 287 288 3719
3760 287 287 3719
3761 287 299 2631
3762 287 299 2631
3763 287 299 3726
3764 287 299 3726
3765 287 293 0
3766 287 299 0
3767 287 297 1992
3768 287 287 1992
3769 287 295 3015
3770 287 289 3015
3771 287 299 3750
3772 287 288 3750
3773 287 299 2203
3774 287 287 2203
3775 287 292 0
3776 287 296 3707
3777 287 297 3707
3778 287 290 0
3779 288 288 3384
3780 288 288 3384
3781 288 295 3410
3782 288 296 3410
3783 288 299 2251
3784 288 299 2251
3785 288 294 3568
3786 288 292 3568
3787 288 290 3614
3788 288 288 3614
3789 288 296 0
3790 288 289 0
3791 288 289 3616
3792 288 288 3616
3793 288 299 1980
3794 288 299 1980
3795 288 299 2386
3796 288 299 2386
3797 288 299 2126
3798 288 298 2126
3799 288 299 2060
3800 288 299 2060
3801 288 288 0
3802 288 295 2526
3803 288 297 2526
3804 288 292 3774
3805 288 299 3774
3806 288 288 0
3807 288 292 0
3808 288 290 3651
3809 288 290 3651
3810 289 299 3260
3811 289 299 3260
3812 289 292 0
3813 289 289 0
3814 289 289 3780
3815 289 289 3780
3816 289 299 3759
3817 289 289 3759
3818 289 289 3721
3819 289 289 3721
3820 289 299 1959
3821 289 294 1959
3822 289 289 2569
3823 289 289 2569
3824 289 299 3370
3825 289 291 3370
3826 289 299 2219
3827 289 299 2219
3828 289 299 2416
3829 289 299 2416
3830 289 289 2596
3831 289 289 2596
3832 290 290 3814
3833 290 290 3814
3834 290 299 3755
3835 290 292 3755
3836 290 290 3718
3837 290 291 3718
3838 290 290 3714
3839 290 292 3714
3840 290 290 1138
3841 290 296 1138
3842 290 290 3657
3843 290 298 3657
3844 290 294 3657
3845 290 299 3817
3846 290 299 3817
3847 290 296 3531
3848 290 290 3531
3849 290 299 3818
3850 290 299 3818
3851 290 299 3818
3852 290 299 3412
3853 290 299 3412
3854 290 290 3609
3855 290 291 3609
3856 290 292 0
3857 290 299 3630
3858 290 299 3630
3859 290 299 3822
3860 290 299 3822
3861 290 299 3822
3862 290 290 2953
3863 290 290 2953
3864 290 299 3518
3865 290 290 3518
3866 290 299 3791
3867 290 293 3791
3868 290 299 3791
3869 290 299 3790
3870 290 292 3790
3871 290 295 3791
3872 290 291 3734
3873 290 299 3734
3874 290 291 2911
3875 290 290 2911
3876 290 299 3467
3877 290 293 3467
3878 290 299 3597
3879 290 299 3597
3880 290 290 0
3881 290 299 3830
3882 290 299 3830
3883 290 299 2042
3884 290 299 2042
3885 290 299 2874
3886 290 299 2874
3887 290 290 2287
3888 290 291 2287
3889 291 299 0
3890 291 291 0
3891 291 299 3832
3892 291 291 3832
3893 291 299 2809
3894 291 294 2809
3895 291 297 2538
3896 291 299 2538
3897 291 293 3787
3898 291 299 3787
3899 291 298 3862
3900 291 292 3862
3901 291 294 2083
3902 291 299 2083
3903 291 296 0
3904 291 299 2651
3905 291 299 2651
3906 291 297 0
3907 291 299 2136
3908 291 299 2136
3909 291 299 0
3910 291 299 3809
3911 291 299 3809
3912 291 294 3306
3913 291 291 3306
3914 291 299 3778
3915 291 299 3778
3916 292 294 0
3917 292 295 3713
3918 292 295 3713
3919 292 293 3837
3920 292 295 3837
3921 292 296 3892
3922 292 292 3892
3923 292 295 0
3924 292 292 2381
3925 292 293 2381
3926 292 299 3855
3927 292 299 3855
3928 292 299 2277
3929 292 299 2277
3930 292 295 1962
3931 292 292 1962
3932 292 292 3825
3933 292 294 3825
3934 292 299 3872
3935 292 299 3872
3936 292 294 3275
3937 292 295 3275
3938 292 298 0
3939 292 299 3874
3940 292 299 3874
3941 292 295 0
3942 292 299 2655
3943 292 299 2655
3944 292 299 2919
3945 292 293 2919
3946 292 299 3167
3947 292 293 3167
3948 292 299 3888
3949 292 299 3888
3950 292 295 0
3951 293 294 0
3952 293 299 3835
3953 293 295 3835
3954 293 293 0
3955 293 299 3573
3956 293 299 3573
3957 293 299 1632
3958 293 299 1632
3959 293 299 3471
3960 293 299 3471
3961 293 299 2707
3962 293 293 2707
3963 293 299 2185
3964 293 295 2185
3965 294 299 0
3966 294 294 0
3967 294 297 0
3968 294 299 0
3969 294 294 2535
3970 294 299 2535
3971 294 299 3660
3972 294 296 3660
3973 294 299 3925
3974 294 299 3925
3975 294 294 2463
3976 294 299 2463
3977 294 296 3608
3978 294 299 3608
3979 294 296 3153
3980 294 295 3153
3981 294 299 3724
3982 294 299 3724
3983 294 298 3077
3984 294 298 3077
3985 294 295 3897
3986 294 295 3897
3987 294 297 0
3988 294 299 2941
3989 294 296 2941
3990 294 299 3877
3991 294 298 3877
3992 294 299 1904
3993 294 299 1904
3994 294 299 0
3995 294 299 3962
3996 294 297 3962
3997 294 299 3945
3998 294 299 3945
3999 294 299 3102
4000 294 299 3102
4001 295 299 0
4002 295 295 3437
4003 295 295 3437
4004 295 295 0
4005 295 299 3532
4006 295 295 3532
4007 295 299 3785
4008 295 299 3785
4009 295 299 0
4010 295 299 2215
4011 295 295 2215
4012 295 299 3933
4013 295 297 3933
4014 295 299 0
4015 295 299 2315
4016 295 299 2315
4017 295 295 3123
4018 295 295 3123
4019 295 299 2316
4020 295 299 2316
4021 295 299 2552
4022 295 297 2552
4023 295 299 3901
4024 295 299 3901
4025 295 299 3064
4026 295 295 3064
4027 295 299 2436
4028 295 299 2436
4029 295 299 0
4030 295 299 0
4031 296 296 0
4032 296 298 3918
4033 296 299 3918
4034 296 297 4003
4035 296 297 4003
4036 296 299 3920
4037 296 299 3920
4038 296 299 3920
4039 296 296 3658
4040 296 299 3658
4041 296 298 3588
4042 296 296 3588
4043 296 299 2190
4044 296 299 2190
4045 296 298 4011
4046 296 299 4011
4047 296 299 0
4048 296 296 3980
4049 296 296 3980
4050 296 298 3985
4051 296 299 3985
4052 296 299 3930
4053 296 299 3930
4054 296 299 0
4055 296 299 3871
4056 296 299 3871
4057 296 299 3373
4058 296 299 3373
4059 296 299 3937
4060 296 298 3937
4061 296 297 3519
4062 296 296 3519
4063 296 299 0
4064 296 299 0
4065 296 298 4017
4066 296 298 4017
4067 296 299 0
4068 296 299 0
4069 296 299 4026
4070 296 299 4026
4071 296 297 3101
4072 296 297 3101
4073 296 299 0
4074 296 296 0
4075 297 299 0
4076 297 298 3921
4077 297 298 3921
4078 297 298 0
4079 297 299 3841
4080 297 299 3841
4081 297 299 0
4082 297 299 3972
4083 297 299 3972
4084 297 298 3847
4085 297 299 3847
4086 297 299 1848
4087 297 299 1848
4088 297 299 2308
4089 297 299 2308
4090 297 298 3782
4091 297 297 3782
4092 297 297 2384
4093 297 297 2384
4094 297 299 3543
4095 297 297 3543
4096 297 297 2036
4097 297 299 2036
4098 297 299 1790
4099 297 299 1790
4100 297 299 1885
4101 297 299 1885
4102 297 298 3989
4103 297 299 3989
4104 297 299 2198
4105 297 299 2198
4106 297 299 2915
4107 297 299 2915
4108 297 299 2854
4109 297 299 2854
4110 297 299 3124
4111 297 299 3124
4112 297 299 2673
4113 297 297 2673
4114 297 299 0
4115 297 299 2706
4116 297 299 2706
4117 297 297 0
4118 297 298 0
4119 297 299 0
4120 297 298 0
4121 298 299 0
4122 298 299 4035
4123 298 298 4035
4124 298 298 2812
4125 298 298 2812
4126 298 299 4092
4127 298 299 4092
4128 298 298 3487
4129 298 298 3487
4130 298 299 4095
4131 298 298 4095
4132 298 299 3487
4133 298 299 2480
4134 298 299 2480
4135 298 299 0
4136 298 299 0
4137 298 299 2272
4138 298 299 2272
4139 298 299 2935
4140 298 299 2935
4141 298 298 3687
4142 298 299 3687
4143 298 299 2614
4144 298 299 2614
4145 298 299 2216
4146 298 299 2216
4147 298 299 0
4148 298 299 2221
4149 298 299 2221
4150 298 299 2593
4151 298 299 2593
4152 298 299 3579
4153 298 299 3579
4154 298 298 3803
4155 298 299 3803
4156 298 299 3746
4157 298 299 3746
4158 298 299 2650
4159 298 299 2650
4160 299 299 0
4161 299 299 4032
4162 299 299 4032
4163 299 299 4077
4164 299 299 4077
4165 299 299 4125
4166 299 299 4125
4167 299 299 4125
4168 299 299 0
4169 299 299 0
4170 299 299 4090
4171 299 299 4090
4172 299 299 4041
4173 299 299 4041
4174 299 299 0
4175 299 299 0
4176 299 299 4129
4177 299 299 4129
4178 299 299 3548
4179 299 299 3548
4180 299 299 0
4181 299 299 3983
4182 299 299 3983
4183 299 299 0
4184 299 299 3661
4185 299 299 3661
4186 299 299 3899
4187 299 299 3899
4188 299 299 3633
4189 299 299 3633
4190 299 299 3798
4191 299 299 3798
4192 299 299 4066
4193 299 299 4066
4194 299 299 0
4195 299 299 0
4196 299 299 0
4197 299 299 2766
4198 299 299 2766
4199 299 299 0
4200 299 299 0
