1 0 26 0
2 0 51 0
3 0 7 0
4 0 48 0
5 0 42 0
6 0 6 0
7 0 29 0
8 0 28 0
9 0 28 0
10 0 25 0
11 0 9 0
12 0 32 0
13 7 68 6
14 7 64 6
15 26 79 10
16 26 85 10
17 27 87 1
18 27 80 1
19 29 85 8
20 29 79 8
21 29 84 9
22 29 88 9
24 30 91 7
25 30 85 7
28 33 145 12
29 33 89 12
30 43 101 5
31 43 100 5
32 49 109 4
33 49 105 4
34 51 83 0
35 52 105 2
36 52 107 2
37 65 108 14
38 65 114 14
39 69 125 13
40 69 119 13
44 80 135 15
45 80 130 15
46 80 130 20
47 80 132 20
48 81 140 18
49 81 127 18
50 84 137 34
51 84 140 34
52 85 141 21
53 85 140 21
54 86 141 25
55 86 141 25
56 86 142 16
57 86 135 16
58 86 149 19
59 86 149 19
63 88 141 17
64 88 143 17
65 89 149 0
66 89 140 22
67 89 147 22
68 90 146 29
69 90 145 29
71 92 145 24
72 92 139 24
78 99 99 0
79 101 149 31
80 101 149 31
81 102 102 0
82 102 149 30
83 102 149 30
84 103 136 0
85 106 149 33
86 106 149 33
87 106 149 35
88 106 149 35
89 108 149 36
90 108 149 36
91 109 149 37
92 109 149 37
93 110 149 32
94 110 149 32
95 115 149 38
96 115 149 38
97 120 149 40
98 120 149 40
102 126 149 39
103 126 149 39
104 128 149 49
105 128 149 49
106 131 149 45
107 131 149 46
108 131 149 45
109 131 149 46
110 133 149 47
111 133 149 47
112 136 149 57
113 136 149 57
114 136 149 44
115 136 149 44
116 138 149 50
117 138 149 50
119 140 149 72
120 140 149 72
121 141 149 53
122 141 149 53
123 141 149 66
124 141 149 66
125 141 149 48
126 141 149 48
127 141 149 51
128 141 149 51
130 142 143 0
131 142 149 63
132 142 149 63
133 142 149 54
134 142 149 0
135 142 149 54
136 142 149 52
137 142 149 52
138 142 149 55
139 142 149 55
141 143 149 56
142 143 149 56
146 144 149 64
147 144 149 64
150 144 149 130
151 144 149 130
155 146 149 28
156 146 149 28
157 146 149 69
158 146 149 69
159 146 149 71
160 146 149 71
161 147 149 68
162 147 149 68
163 148 149 67
164 148 149 67
