1 0 25 0
2 0 91 0
3 0 91 0
4 0 38 0
5 0 91 0
6 0 91 0
7 0 91 0
8 0 39 0
9 0 51 0
10 0 10 0
11 0 91 0
12 0 91 0
13 0 3 0
14 0 13 0
15 0 11 0
16 0 13 0
17 0 0 0
18 0 40 0
19 0 23 0
20 0 20 0
21 0 0 0
22 0 9 0
23 0 5 0
24 0 10 0
25 0 30 0
26 0 1 0
27 0 16 0
28 0 31 0
29 0 2 0
30 0 21 0
31 0 19 0
32 0 91 0
33 0 11 0
34 0 3 0
35 0 2 0
36 0 35 0
37 0 0 0
38 0 91 0
39 0 42 0
40 0 12 0
41 0 91 0
42 0 31 0
43 0 91 0
44 0 80 0
45 0 21 0
46 0 14 0
47 0 53 0
48 0 91 0
49 0 91 0
50 0 1 0
51 0 7 0
52 0 91 0
53 0 91 0
54 0 73 0
55 0 80 0
56 0 25 0
57 0 91 0
58 0 91 0
59 0 11 0
60 0 33 0
61 0 28 0
62 0 91 0
63 0 91 0
64 0 16 0
65 0 54 0
66 0 91 0
67 0 13 0
68 0 11 0
69 0 7 0
70 0 4 0
71 0 91 0
72 0 91 0
73 0 91 0
74 0 7 0
75 0 13 0
76 0 17 0
77 0 91 0
78 0 77 0
79 0 18 0
80 0 17 0
81 0 15 0
82 0 22 0
83 0 0 0
84 0 15 0
85 0 42 0
86 0 91 0
87 0 11 0
88 0 32 0
89 0 22 0
90 0 28 0
91 0 59 0
92 0 91 0
93 0 91 0
94 0 91 0
95 0 91 0
96 0 91 0
97 1 30 0
98 1 51 0
99 1 91 17
100 1 48 21
101 1 91 37
102 1 91 83
103 1 91 17
104 1 57 21
105 1 56 37
106 1 91 83
107 2 43 0
108 2 50 26
109 2 85 50
110 2 54 26
111 2 91 50
112 3 14 0
113 3 91 35
114 3 91 35
115 4 91 13
116 4 91 34
117 4 53 13
118 4 91 34
119 5 91 70
120 5 91 70
121 6 91 0
122 6 6 0
123 6 59 23
124 6 91 23
125 7 91 0
126 7 91 0
127 8 74 51
128 8 91 69
129 8 28 74
130 8 91 51
131 8 91 69
132 8 27 74
133 9 46 0
134 10 91 0
135 10 91 0
136 10 91 22
137 10 91 22
138 11 91 0
139 11 91 10
140 11 91 24
141 11 91 10
142 11 91 24
143 12 91 15
144 12 91 33
145 12 91 59
146 12 91 68
147 12 53 87
148 12 91 15
149 12 91 33
150 12 91 59
151 12 91 68
152 12 48 87
153 13 91 0
154 13 91 0
155 13 24 0
156 13 91 40
157 13 91 40
158 14 91 0
159 14 91 14
160 14 91 16
161 14 91 75
162 14 91 14
163 14 91 16
164 14 54 75
165 15 37 0
166 15 91 112
167 15 75 112
168 15 91 46
169 15 79 46
170 16 91 0
171 16 91 0
172 16 91 84
173 16 70 81
174 16 58 84
175 16 61 81
176 17 91 27
177 17 91 64
178 17 69 27
179 17 91 64
180 18 78 0
181 18 91 76
182 18 56 80
183 18 91 76
184 18 60 80
185 19 60 79
186 19 91 79
188 20 91 31
189 20 83 31
190 21 91 20
192 21 91 20
194 22 22 0
195 22 91 30
196 22 86 45
197 22 91 30
198 22 91 45
199 23 91 0
200 23 57 82
201 23 69 89
202 23 68 82
203 23 64 89
204 24 91 19
205 24 91 19
207 25 27 194
208 25 31 194
209 26 26 0
210 26 91 0
213 26 91 1
214 26 27 56
215 26 91 1
216 26 32 56
217 27 91 0
218 27 91 0
219 27 89 209
220 27 91 209
221 29 40 129
222 29 54 129
223 29 91 61
224 29 91 90
225 29 91 61
226 29 81 90
227 30 91 0
228 30 43 0
229 31 91 0
230 31 91 0
231 31 31 0
232 31 33 0
233 31 91 97
234 31 91 25
235 31 91 97
236 31 91 25
238 32 91 0
239 32 91 0
240 32 91 28
241 32 91 42
242 32 91 28
243 32 91 42
244 33 50 0
245 33 35 0
247 33 91 88
249 33 91 88
250 34 49 60
251 34 34 0
252 36 77 0
253 36 91 36
254 36 91 36
255 37 91 0
256 37 80 0
257 37 91 0
258 39 91 0
259 39 42 0
260 39 91 4
261 39 91 4
262 40 91 0
263 40 91 0
264 40 87 0
265 40 91 0
266 40 91 8
267 40 91 8
268 41 91 0
269 41 91 18
270 41 91 18
272 42 91 0
273 43 91 39
274 43 91 39
275 44 91 0
276 44 91 0
277 44 91 107
278 44 91 107
279 45 91 0
283 46 54 0
284 46 91 0
285 46 49 0
286 46 91 0
287 47 91 0
288 47 91 133
290 47 91 133
294 48 54 0
295 48 91 0
296 48 66 0
298 49 91 152
299 49 91 152
300 49 91 100
301 49 91 100
303 50 91 0
305 51 91 108
307 51 91 108
309 52 91 0
310 53 91 0
311 53 53 0
312 53 55 98
313 53 63 98
315 54 91 117
316 54 91 47
317 54 91 147
318 54 91 117
319 54 91 47
320 54 91 147
321 55 57 0
322 55 91 0
323 55 73 0
324 55 73 0
325 55 91 110
327 55 91 65
328 55 91 110
330 55 91 65
331 56 91 0
332 56 91 0
337 57 91 105
338 57 91 182
339 57 91 105
340 57 91 182
342 58 91 104
343 58 91 200
344 58 91 104
345 58 91 200
346 59 59 0
348 59 91 174
350 59 91 174
352 60 91 0
353 60 60 0
354 60 91 0
355 60 91 91
356 60 91 91
357 60 91 123
358 60 91 123
359 61 90 0
360 61 91 0
361 61 61 0
362 61 91 184
363 61 91 185
364 61 91 184
365 61 91 185
367 62 91 0
368 62 91 0
369 62 91 0
370 62 91 175
371 62 91 175
379 65 91 0
380 65 91 0
385 65 91 203
386 65 91 203
387 66 91 0
388 66 91 0
390 67 91 0
391 68 91 0
393 69 70 0
394 69 91 202
395 69 91 202
396 70 91 0
397 70 79 0
398 70 91 178
399 70 91 201
400 70 91 178
401 70 91 201
402 71 71 0
403 71 71 0
404 71 91 173
405 71 91 173
406 72 72 0
407 72 72 0
408 73 73 0
410 74 91 0
413 75 91 127
414 75 91 127
420 78 91 0
421 78 91 252
422 78 78 78
423 78 91 252
424 78 91 78
425 79 91 0
426 79 88 0
430 80 91 0
431 80 91 169
432 80 91 169
434 81 91 530
435 81 82 0
436 81 82 0
437 81 91 0
440 81 91 44
442 81 91 55
443 81 91 256
445 81 91 44
447 81 91 55
448 81 91 256
453 82 85 0
462 84 85 0
463 84 86 0
466 84 90 189
467 84 85 189
469 86 91 0
475 86 91 109
477 86 91 109
479 87 88 0
480 87 91 196
481 87 91 196
486 88 91 0
487 88 91 0
488 89 91 0
489 89 89 0
493 90 91 219
494 90 91 219
495 91 91 0
498 91 91 528
499 91 91 528
512 48 48 0
513 48 48 0
516 50 54 0
517 50 54 0
528 74 90 0
529 74 91 0
530 74 80 0
531 74 80 0
542 82 91 0
543 82 91 0
