1 0 10 0
2 0 3 0
3 0 11 0
4 0 8 0
5 0 11 0
6 0 11 0
8 0 9 0
10 0 0 0
12 0 11 0
13 0 11 0
14 0 11 0
15 0 0 0
16 0 10 0
17 0 6 0
18 0 4 0
20 0 0 0
21 0 2 0
22 0 0 0
23 0 8 0
24 0 11 0
25 0 1 0
26 0 11 0
27 0 11 0
28 0 3 0
29 0 11 0
30 0 11 0
31 0 9 0
32 0 7 0
33 0 11 0
34 0 0 0
36 0 11 0
37 0 11 0
38 0 11 0
39 0 10 0
40 0 0 0
41 0 11 0
42 0 11 0
43 0 4 0
44 0 5 0
45 0 10 0
47 0 9 0
48 0 3 0
50 0 11 0
56 1 11 0
57 1 1 0
58 1 11 0
59 1 2 0
60 1 6 0
61 1 1 0
63 1 4 0
64 1 4 20
65 1 11 20
81 2 6 0
82 2 2 0
83 2 2 0
84 3 3 0
85 3 11 0
90 3 4 59
92 3 11 59
106 4 5 0
107 4 6 0
108 4 6 0
109 4 4 0
110 4 11 2
111 4 5 2
113 4 6 251
114 4 11 251
121 4 9 48
122 4 4 48
123 4 11 28
124 4 11 28
130 5 7 0
131 5 11 0
132 5 6 0
139 5 11 122
140 5 11 122
141 5 10 43
142 5 11 43
143 6 7 111
147 6 6 0
164 7 7 0
165 7 7 0
166 7 11 0
169 7 7 0
172 7 8 17
173 7 7 17
174 7 7 113
175 7 7 113
186 8 11 0
187 8 8 0
190 8 11 175
191 8 11 175
192 8 11 173
193 8 9 173
196 9 11 0
197 9 11 0
201 9 11 23
202 9 9 23
207 10 11 0
208 10 11 0
209 10 11 47
212 10 11 47
214 10 11 121
216 10 11 121
217 10 11 31
218 10 11 31
221 10 11 8
222 10 11 8
228 11 11 1
229 11 11 1
230 11 11 0
231 11 11 0
232 11 11 16
233 11 11 16
234 11 11 141
235 11 11 141
236 11 11 39
237 11 11 39
251 3 3 21
252 3 11 21
263 6 6 0
264 6 6 0
269 7 7 0
270 7 7 0
271 8 10 0
272 8 10 0
