1 0 218 0
2 0 129 0
3 0 54 0
4 0 25 0
5 0 180 0
6 0 105 0
7 0 110 0
8 0 61 0
9 0 196 0
10 0 21 0
11 0 26 0
12 0 11 0
13 0 10 0
14 0 51 0
15 0 70 0
16 0 128 0
17 0 7 0
18 0 109 0
19 0 104 0
20 0 144 0
21 0 38 0
22 0 287 0
23 0 127 0
24 0 72 0
25 0 181 0
26 0 200 0
27 0 186 0
28 0 153 0
29 0 56 0
30 0 109 0
31 0 93 0
32 0 19 0
33 0 16 0
34 0 255 0
35 0 82 0
36 0 46 0
37 0 90 0
38 0 84 0
39 0 69 0
40 0 23 0
41 0 94 0
42 0 0 0
43 0 0 0
44 0 131 0
45 0 265 0
46 0 46 0
47 0 160 0
48 0 132 0
49 0 54 0
50 0 83 0
51 0 248 0
52 0 84 0
53 0 51 0
54 0 73 0
55 0 102 0
56 0 86 0
57 0 34 0
58 0 60 0
59 0 61 0
60 0 144 0
61 0 34 0
62 0 61 0
63 0 88 0
64 0 51 0
65 0 74 0
66 0 1 0
67 0 73 0
68 0 19 0
69 0 19 0
70 0 88 0
71 0 23 0
72 0 111 0
73 0 77 0
74 1 2 0
75 1 2 43
76 1 46 43
77 2 2 0
78 3 3 0
79 3 3 0
80 4 5 0
84 5 5 0
85 6 6 0
86 6 6 0
87 6 6 0
88 7 7 0
89 7 7 0
90 8 8 0
91 8 8 17
92 8 131 17
93 9 9 0
94 9 9 0
96 10 10 0
97 10 10 0
98 11 11 0
99 11 46 0
100 11 11 0
101 11 43 0
102 11 115 13
103 11 111 13
104 12 14 0
105 12 12 0
106 12 90 12
107 12 87 12
108 13 13 0
109 14 14 0
110 15 15 0
111 15 15 0
115 16 16 0
116 17 17 0
117 17 17 0
118 17 74 33
119 17 41 33
120 18 19 0
121 20 21 0
122 20 40 69
123 20 73 69
124 20 104 32
125 20 93 68
126 20 108 32
127 20 93 68
131 22 22 0
132 22 118 10
133 22 215 10
134 23 23 0
135 24 24 0
136 24 96 71
137 24 107 71
138 24 176 40
139 24 118 40
140 25 156 0
141 25 25 0
144 26 150 4
145 26 90 4
147 27 94 11
148 27 155 11
151 30 43 0
159 34 34 0
160 34 186 0
162 35 35 0
163 35 60 57
164 35 36 57
165 35 115 61
166 35 108 61
167 36 36 0
170 37 37 0
174 38 38 0
177 39 39 0
178 39 47 0
179 40 41 0
182 41 84 0
184 42 43 0
188 44 44 0
191 45 45 0
192 46 46 0
194 47 48 0
195 47 177 0
196 47 56 76
197 47 154 76
198 47 75 46
199 47 47 46
200 47 118 36
201 47 123 36
202 48 48 0
203 48 202 199
204 48 143 199
205 49 51 0
206 49 50 0
207 49 50 0
208 51 112 0
209 51 51 0
210 51 52 0
216 52 134 14
217 52 59 53
218 52 136 14
219 52 75 53
221 53 54 0
222 53 53 0
223 54 54 0
229 55 60 0
230 55 113 49
231 55 74 49
232 56 67 0
233 57 129 29
234 57 126 29
235 57 150 196
236 57 57 196
238 59 79 0
239 60 79 217
240 60 61 217
241 61 62 0
242 61 64 0
243 61 115 163
244 61 61 163
245 61 297 58
246 61 153 58
248 62 70 59
249 62 66 59
250 62 198 8
251 62 124 62
252 62 127 8
253 62 126 62
259 65 66 0
260 65 88 0
266 68 116 0
267 70 70 0
272 70 169 39
273 70 174 39
274 71 98 0
275 71 149 15
276 71 74 248
277 71 152 15
278 71 79 248
280 72 74 0
281 72 72 0
282 72 72 0
283 72 72 0
284 72 72 0
285 72 72 0
292 73 134 24
293 73 193 24
294 74 74 0
295 74 222 0
296 74 77 0
300 74 130 67
301 74 74 67
302 74 127 54
304 74 151 123
305 74 163 54
307 74 96 123
309 75 75 0
310 75 75 0
311 75 75 0
312 75 122 231
313 75 75 231
316 75 185 65
317 75 299 65
320 76 76 0
321 76 76 0
322 76 76 0
323 76 76 0
324 76 76 0
325 76 76 0
326 76 142 198
327 76 239 198
328 77 78 0
329 77 77 0
330 77 77 0
331 77 77 0
341 78 78 0
344 78 169 73
345 78 165 73
348 78 87 296
349 78 78 296
351 79 79 0
352 79 133 0
353 79 79 0
354 79 79 0
355 79 79 0
356 79 79 0
358 80 125 0
359 80 80 0
360 80 295 238
361 80 80 238
362 80 232 278
363 80 80 278
366 80 80 239
367 80 80 239
369 81 81 0
370 81 81 0
371 81 81 0
372 81 81 0
373 81 81 0
374 81 81 0
375 81 81 0
376 81 82 0
383 82 82 0
384 82 82 0
385 82 82 0
386 82 82 0
387 83 83 0
388 83 83 0
389 83 83 0
390 83 83 0
391 83 83 0
394 83 256 35
395 83 244 35
397 84 84 0
398 84 84 0
399 84 84 0
400 84 84 0
401 84 84 0
402 84 128 50
403 84 123 50
406 85 164 38
407 85 155 38
410 85 155 52
411 85 163 52
412 87 141 0
413 87 87 56
414 87 91 56
415 89 91 0
416 89 162 63
417 89 151 63
418 89 161 70
419 89 154 70
423 91 96 106
424 91 93 106
425 91 98 145
426 91 179 37
427 91 156 145
428 91 183 37
430 92 299 0
431 92 120 414
432 92 105 414
433 93 151 0
436 94 96 0
437 94 171 0
438 94 192 424
439 94 174 424
440 94 194 31
441 94 299 31
445 94 155 127
446 94 138 125
447 94 161 127
448 94 161 125
449 95 100 147
450 95 168 41
451 95 156 147
452 95 226 41
459 97 173 0
460 97 181 423
461 97 174 423
463 97 152 136
464 97 245 136
466 99 211 425
467 99 222 425
470 101 226 449
471 101 292 449
476 103 175 55
477 103 166 55
479 104 144 0
486 105 276 0
488 105 299 0
489 105 105 0
490 105 180 19
491 105 167 19
492 105 205 124
493 105 159 124
495 106 187 6
496 106 161 432
497 106 190 6
498 106 118 432
503 108 235 137
504 108 248 137
513 109 230 166
514 109 161 166
517 109 191 126
518 109 299 126
519 110 184 0
520 110 127 0
521 110 206 18
522 110 181 30
523 110 299 18
524 110 183 30
525 111 193 7
527 111 184 7
531 112 186 103
532 112 186 72
533 112 198 103
534 112 257 72
538 113 171 208
539 113 162 208
543 114 170 230
545 114 167 230
548 116 116 0
549 116 160 165
550 116 180 165
552 116 224 102
555 116 172 102
557 117 118 0
560 119 178 0
561 119 120 0
562 119 123 0
565 119 128 200
566 119 177 200
567 119 190 132
568 119 121 139
569 119 189 132
570 119 173 139
574 121 189 0
575 121 175 0
576 121 127 0
579 122 245 568
580 122 180 568
583 123 241 312
584 123 185 312
588 124 127 0
591 124 184 403
592 124 191 403
595 125 183 251
596 125 238 251
604 126 198 358
605 126 223 358
609 127 198 0
610 127 176 234
611 127 197 253
612 127 176 234
613 127 183 253
615 128 129 0
616 128 132 0
619 128 215 302
620 128 299 302
621 128 206 23
622 128 185 23
624 129 205 16
625 129 204 16
630 129 129 565
631 129 223 565
632 129 254 402
633 129 194 402
634 130 130 0
635 130 142 0
636 130 130 0
637 130 211 630
638 130 292 630
641 130 208 2
642 130 200 233
643 130 217 2
644 130 194 233
646 131 135 0
649 131 236 300
650 131 216 300
653 132 133 0
654 132 199 3809
655 132 200 3809
657 132 221 92
658 132 158 92
659 132 134 44
660 132 144 44
662 133 204 48
663 133 196 48
671 134 161 0
673 134 143 352
675 134 210 352
679 135 220 216
680 135 138 216
681 135 135 292
685 135 139 292
690 136 137 0
696 137 204 218
698 137 209 218
702 138 142 0
703 138 169 0
706 139 139 0
711 139 221 680
712 139 139 446
713 139 219 680
714 139 162 446
716 140 143 685
717 140 188 685
729 143 145 0
732 143 224 326
733 143 230 326
735 144 199 716
736 144 214 716
737 144 206 204
738 144 147 204
743 145 288 479
744 145 151 479
745 145 164 20
746 145 255 60
747 145 179 20
748 145 279 60
749 146 147 0
752 147 148 0
758 148 149 0
759 148 212 738
760 148 194 738
764 149 160 0
765 150 185 0
768 150 205 275
769 150 150 758
770 150 200 275
771 150 150 758
773 151 156 0
776 151 155 144
777 151 228 235
778 151 210 144
779 151 229 235
781 152 299 0
783 152 212 417
784 152 227 304
786 152 229 417
787 152 239 304
788 153 175 0
789 153 163 277
790 153 163 277
791 153 212 463
792 153 211 463
794 154 172 0
795 154 216 0
798 154 211 28
799 154 209 28
800 154 154 246
801 154 173 246
807 155 200 0
808 155 298 197
809 155 299 197
810 155 299 800
811 155 226 419
812 155 170 800
813 155 188 419
815 156 157 0
816 156 183 0
817 156 210 776
818 156 230 776
819 156 227 407
820 156 223 407
821 156 163 148
822 156 156 410
823 156 222 445
824 156 226 148
825 156 211 410
826 156 299 445
828 157 163 0
829 157 157 427
830 157 299 427
833 157 222 451
834 157 281 140
835 157 224 451
836 157 299 140
838 158 160 0
839 158 160 0
840 158 215 829
841 158 219 829
842 159 159 0
845 159 289 658
846 159 229 658
852 160 232 493
853 160 166 493
856 161 165 0
857 161 200 0
858 161 175 0
859 161 176 549
860 161 178 549
861 161 174 47
862 161 199 47
866 162 176 0
867 162 284 418
868 162 283 418
869 162 235 496
870 162 235 514
871 162 231 447
872 162 271 448
873 162 169 496
874 162 174 514
875 162 232 447
876 162 175 448
877 163 163 0
880 163 224 416
882 163 224 416
885 163 212 714
886 163 217 714
894 164 171 411
895 164 231 411
896 164 216 828
897 164 179 828
898 164 222 821
899 164 299 305
900 164 223 821
901 164 299 305
904 165 195 745
905 165 174 745
906 165 248 406
907 165 245 406
914 166 167 0
915 166 166 0
916 166 179 0
921 166 254 345
924 166 253 345
926 167 167 0
927 167 191 853
928 167 173 477
930 167 203 853
931 167 171 477
933 168 180 0
934 168 178 545
935 168 228 545
938 168 297 914
940 168 258 914
949 169 234 450
950 169 178 450
953 170 188 0
954 170 210 0
955 170 214 0
960 170 193 873
961 170 299 873
964 170 269 344
965 170 197 344
966 170 251 272
967 170 209 272
975 171 233 543
976 171 215 812
978 171 248 543
979 171 223 812
981 172 242 0
984 172 173 538
985 172 223 538
992 172 173 894
993 172 224 894
994 172 284 437
995 172 183 437
999 173 173 0
1000 173 173 555
1001 173 292 555
1003 174 299 459
1004 174 299 459
1007 174 175 928
1008 174 176 928
1009 174 220 801
1010 174 299 801
1017 174 178 984
1018 174 299 1000
1021 174 249 570
1023 174 182 992
1024 174 227 984
1025 174 235 1000
1028 174 233 570
1030 174 181 992
1033 175 246 0
1034 175 249 461
1035 175 250 461
1040 175 217 273
1041 175 230 273
1042 175 220 874
1043 175 180 874
1044 175 250 439
1045 175 175 905
1046 175 193 439
1047 175 199 905
1052 176 235 575
1053 176 225 575
1054 176 242 876
1055 176 299 876
1056 176 238 788
1057 176 264 476
1058 176 237 1007
1059 176 189 788
1060 176 242 476
1061 176 237 1007
1065 177 179 0
1066 177 248 610
1067 177 183 610
1075 177 244 138
1076 177 266 859
1078 177 237 138
1079 177 278 859
1089 178 178 0
1090 178 235 566
1091 178 279 195
1092 178 299 566
1093 178 275 195
1096 179 237 0
1097 179 179 0
1100 179 252 1017
1101 179 291 1017
1102 179 180 950
1103 179 243 950
1105 179 228 934
1107 179 232 860
1109 179 216 934
1111 179 298 860
1112 180 208 0
1113 180 202 0
1114 180 220 0
1115 180 183 0
1116 180 191 747
1117 180 197 747
1122 180 273 426
1123 180 261 426
1126 181 252 0
1127 181 239 0
1130 181 278 5
1131 181 299 490
1133 181 238 580
1135 181 254 550
1136 181 295 5
1137 181 279 490
1139 181 237 580
1141 181 249 550
1144 182 252 460
1145 182 254 460
1148 182 299 522
1151 182 250 522
1152 182 260 25
1153 182 269 25
1155 182 218 1030
1157 182 217 1030
1161 183 183 0
1162 183 204 0
1165 184 208 0
1171 184 184 1067
1172 184 253 524
1173 184 286 428
1174 184 243 595
1175 184 185 613
1176 184 237 1067
1177 184 261 524
1178 184 299 428
1179 184 299 595
1180 184 299 613
1184 185 185 0
1187 185 213 519
1188 185 262 519
1189 185 236 1171
1190 185 299 1171
1191 185 251 527
1193 185 249 591
1194 185 299 527
1196 185 299 591
1203 186 213 765
1204 186 211 765
1207 186 223 622
1208 186 192 584
1209 186 299 316
1210 186 299 622
1211 186 299 584
1212 186 299 316
1217 187 187 0
1218 187 299 532
1219 187 250 532
1220 187 249 160
1221 187 251 160
1225 188 216 0
1226 188 188 0
1227 188 275 495
1228 188 258 495
1233 189 189 0
1236 189 232 813
1237 189 213 813
1239 189 260 717
1241 189 286 717
1246 190 191 0
1247 190 199 1059
1248 190 250 1059
1254 190 268 569
1257 190 299 569
1262 191 299 0
1269 191 191 497
1270 191 299 567
1271 191 287 497
1272 191 299 567
1273 192 268 1269
1274 192 209 1269
1275 192 247 517
1276 192 299 517
1277 192 225 927
1278 192 273 927
1279 192 248 592
1280 192 259 592
1282 193 196 1208
1283 193 241 1208
1292 194 213 0
1293 194 261 525
1294 194 232 1046
1295 194 299 293
1296 194 270 960
1297 194 299 525
1298 194 195 1046
1299 194 256 293
1300 194 248 960
1304 195 254 644
1305 195 299 644
1306 195 299 633
1307 195 265 633
1309 195 261 440
1310 195 261 760
1312 195 258 440
1313 195 261 760
1315 196 299 1298
1318 196 286 1298
1325 197 295 9
1326 197 295 9
1327 197 262 663
1328 197 276 663
1331 198 198 0
1332 198 252 1117
1333 198 256 1117
1336 198 261 611
1337 198 258 611
1339 199 259 0
1340 199 280 250
1341 199 267 250
1344 199 201 533
1345 199 199 533
1348 199 299 604
1349 199 299 604
1352 200 202 0
1355 200 233 654
1356 200 299 1345
1357 200 287 735
1358 200 254 1047
1359 200 212 862
1360 200 233 654
1361 200 236 1345
1362 200 256 735
1363 200 263 1047
1364 200 206 862
1367 201 201 0
1370 201 280 655
1371 201 270 655
1372 201 299 26
1373 201 273 26
1374 201 299 642
1375 201 246 642
1379 201 237 807
1380 201 237 807
1383 201 252 770
1384 201 207 857
1385 201 271 770
1386 201 282 857
1394 202 299 1344
1395 202 299 1344
1402 203 203 0
1405 203 266 203
1406 203 258 203
1415 204 204 0
1416 204 204 0
1426 205 251 0
1427 205 205 0
1428 205 205 0
1435 205 288 625
1436 205 282 696
1437 205 299 662
1438 205 286 625
1439 205 299 696
1440 205 249 662
1444 206 268 768
1445 206 277 768
1446 206 273 492
1447 206 206 492
1450 206 216 624
1451 206 228 624
1454 207 208 0
1455 207 209 0
1456 207 250 521
1457 207 299 521
1458 207 256 1447
1459 207 299 1447
1460 207 299 737
1462 207 272 737
1463 207 299 621
1465 207 262 1364
1466 207 299 621
1468 207 216 1364
1479 209 294 0
1480 209 276 641
1482 209 288 641
1484 210 288 0
1485 210 299 1274
1486 210 299 1274
1490 210 291 698
1491 210 290 698
1492 210 210 967
1493 210 211 967
1497 210 299 799
1499 210 299 799
1504 211 211 0
1505 211 233 0
1508 211 216 0
1514 212 299 0
1517 212 299 825
1518 212 225 825
1521 212 212 792
1522 212 216 792
1523 212 235 466
1524 212 282 798
1526 212 241 1204
1527 212 233 466
1528 212 299 798
1530 212 212 1204
1536 213 213 0
1539 213 274 759
1540 213 296 759
1541 213 299 1359
1542 213 282 1359
1543 213 213 885
1544 213 239 885
1545 213 299 1530
1546 213 274 783
1547 213 213 791
1548 213 213 1530
1549 213 271 783
1550 213 216 791
1558 214 228 1237
1559 214 299 1187
1561 214 299 1237
1562 214 215 1187
1566 215 215 0
1568 215 251 736
1570 215 299 736
1573 216 217 0
1576 216 299 133
1577 216 299 133
1580 216 299 619
1581 216 299 619
1582 216 289 840
1585 216 221 976
1586 216 228 840
1589 216 238 976
1595 217 277 0
1596 217 218 0
1599 217 276 1109
1600 217 282 1109
1601 217 241 1468
1602 217 274 1468
1605 217 246 650
1606 217 270 650
1607 217 281 1522
1608 217 299 1522
1609 217 299 1225
1610 217 218 1225
1611 217 223 1508
1612 217 277 1550
1613 217 273 896
1614 217 217 1508
1615 217 283 1550
1616 217 273 896
1625 218 231 0
1628 218 218 1614
1629 218 219 1614
1630 218 299 1040
1631 218 299 1040
1632 218 225 643
1633 218 299 1573
1635 218 282 1157
1636 218 299 886
1637 218 287 643
1638 218 271 1573
1640 218 299 1157
1641 218 237 886
1645 219 278 0
1646 219 254 0
1647 219 287 0
1648 219 295 1
1649 219 281 1628
1650 219 287 1155
1652 219 220 1
1653 219 226 1628
1654 219 299 1155
1661 220 221 0
1664 220 298 713
1665 220 296 713
1677 221 240 0
1678 221 296 1652
1679 221 221 1652
1683 221 227 1042
1684 221 299 1042
1685 221 299 0
1686 221 289 1009
1687 221 291 1009
1692 221 290 679
1693 221 288 679
1697 222 290 0
1698 222 261 0
1699 222 268 0
1706 222 276 1585
1707 222 269 1585
1708 222 288 711
1709 222 290 657
1711 222 299 711
1712 222 238 657
1721 223 296 467
1722 223 241 467
1723 223 263 3808
1724 223 263 3808
1726 223 223 898
1727 223 289 833
1728 223 299 295
1729 223 296 823
1731 223 296 898
1732 223 284 833
1733 223 299 295
1734 223 296 823
1739 224 298 1611
1740 224 228 1611
1741 224 245 631
1742 224 299 631
1743 224 299 605
1744 224 299 605
1745 224 238 979
1746 224 238 979
1748 224 298 985
1749 224 279 1726
1750 224 285 900
1751 224 299 1207
1752 224 292 820
1758 224 280 985
1759 224 281 1726
1760 224 286 900
1761 224 247 1207
1762 224 299 820
1768 225 242 0
1769 225 295 0
1770 225 225 552
1771 225 299 552
1774 225 288 882
1775 225 299 882
1776 225 283 835
1777 225 274 732
1778 225 285 993
1780 225 289 880
1783 225 287 835
1784 225 299 732
1785 225 290 993
1787 225 278 880
1797 226 299 1277
1798 226 227 1277
1807 226 256 1053
1809 226 299 1053
1816 227 229 0
1825 227 294 824
1826 227 284 452
1827 227 231 824
1828 227 283 452
1835 228 298 1798
1836 228 299 1798
1837 228 299 819
1838 228 299 819
1839 228 299 1683
1840 228 269 1683
1841 228 299 784
1842 228 299 784
1843 228 237 1024
1845 228 284 1024
1853 229 299 1451
1854 229 299 1451
1855 229 296 1105
1856 229 299 1105
1859 229 295 777
1860 229 294 935
1861 229 299 777
1862 229 282 935
1868 230 231 0
1869 230 258 0
1870 230 237 0
1871 230 294 846
1872 230 233 846
1877 230 298 779
1878 230 299 779
1879 230 289 786
1880 230 299 786
1893 231 299 0
1894 231 275 0
1897 231 275 1041
1898 231 231 1041
1902 231 234 513
1903 231 298 513
1904 231 293 733
1906 231 265 733
1910 232 254 4091
1911 232 287 4091
1912 232 298 895
1913 232 276 895
1917 232 292 871
1918 232 232 871
1926 233 233 0
1927 233 299 1294
1928 233 293 1294
1931 233 299 1918
1932 233 299 1918
1933 233 278 1236
1934 233 293 1236
1936 233 286 1107
1937 233 237 1107
1938 233 299 852
1939 233 299 362
1940 233 299 875
1941 233 265 852
1942 233 299 362
1943 233 299 875
1950 234 237 1527
1951 234 299 1527
1954 234 252 1360
1955 234 262 1360
1956 234 299 1872
1957 234 299 1872
1958 234 299 1028
1959 234 299 1028
1962 234 242 1505
1964 234 299 975
1966 234 236 1505
1968 234 299 975
1976 235 238 0
1981 235 299 949
1984 235 299 949
1992 236 237 1025
1993 236 299 1025
1996 236 268 869
1997 236 282 869
2000 236 297 870
2001 236 241 870
2002 236 299 503
2003 236 255 503
2004 236 294 1523
2007 236 299 1052
2008 236 291 1523
2011 236 277 1052
2020 237 299 1361
2021 237 275 1361
2034 238 240 0
2035 238 239 1843
2036 238 240 1843
2037 238 286 1992
2038 238 269 1992
2039 238 241 1176
2040 238 260 1176
2044 238 295 1058
2045 238 299 1058
2046 238 299 1641
2047 238 299 1641
2052 238 299 1937
2053 238 291 1937
2056 238 299 1078
2057 238 299 1139
2058 238 294 1096
2059 238 299 1061
2060 238 299 1078
2061 238 299 1139
2062 238 294 1096
2063 238 299 1061
2074 239 299 1133
2075 239 299 1133
2080 239 297 1746
2081 239 299 1746
2082 239 299 1056
2085 239 299 596
2086 239 280 1589
2088 239 299 1056
2091 239 299 596
2092 239 298 1589
2098 240 245 0
2103 240 299 1127
2104 240 299 1127
2107 240 299 327
2108 240 299 327
2112 240 299 1544
2113 240 299 787
2115 240 252 1544
2116 240 258 787
2120 241 241 0
2121 241 241 0
2122 241 250 0
2127 241 299 2036
2128 241 299 2036
2135 242 291 0
2136 242 243 2039
2137 242 284 2039
2140 242 296 1283
2141 242 299 1283
2142 242 299 1526
2143 242 297 1526
2146 242 299 583
2148 242 299 2001
2149 242 299 583
2151 242 299 2001
2158 243 299 981
2159 243 299 981
2160 243 299 1962
2161 243 243 1962
2166 243 244 1060
2167 243 299 1060
2179 244 299 0
2183 244 299 1103
2184 244 299 1103
2185 244 299 1174
2186 244 257 1174
2187 244 245 2136
2189 244 299 2136
2193 245 245 0
2200 245 299 1075
2201 245 247 395
2202 245 253 2166
2204 245 299 1075
2205 245 299 395
2206 245 299 2166
2215 246 247 0
2216 246 298 0
2221 246 299 579
2222 246 299 579
2223 246 275 1741
2224 246 248 1741
2229 246 299 907
2231 246 299 464
2236 246 299 907
2238 246 258 464
2247 247 247 0
2248 247 275 4201
2250 247 299 4201
2251 247 273 1375
2252 247 256 1375
2257 247 299 1033
2258 247 299 1033
2262 248 248 0
2265 248 299 2201
2266 248 256 2201
2270 248 299 1275
2272 248 299 1275
2277 249 299 1066
2278 249 299 1066
2281 249 299 2224
2282 249 299 2224
2283 249 251 1279
2284 249 299 1279
2287 249 249 1300
2288 249 252 1300
2289 249 299 51
2290 249 299 51
2293 249 299 906
2294 249 299 978
2296 249 299 504
2297 249 299 906
2298 249 299 978
2300 249 299 504
2308 250 250 0
2309 250 259 0
2310 250 299 0
2313 250 299 1034
2314 250 299 1034
2315 250 262 1193
2316 250 299 1193
2317 250 299 1141
2318 250 299 1141
2321 250 299 1220
2322 250 288 1220
2323 250 299 1021
2325 250 299 1021
2334 251 259 0
2337 251 299 1035
2338 251 299 1035
2339 251 299 1044
2340 251 251 1044
2341 251 299 1151
2342 251 293 1151
2346 251 299 2122
2347 251 299 2122
2348 251 299 1248
2350 251 285 1456
2353 251 258 1219
2354 251 293 1248
2356 251 282 1456
2359 251 299 1219
2363 252 254 0
2364 252 259 0
2365 252 299 1191
2366 252 299 1191
2371 252 299 966
2372 252 299 966
2378 252 299 1426
2379 252 276 1426
2386 252 253 2340
2387 252 299 1568
2388 252 299 1221
2391 252 299 2340
2392 252 299 1568
2393 252 299 1221
2398 253 299 0
2399 253 299 0
2402 253 299 1100
2403 253 283 1100
2408 253 299 1954
2409 253 299 1144
2410 253 257 1383
2411 253 299 1332
2412 253 299 2288
2413 253 299 1954
2414 253 299 1144
2415 253 253 1383
2416 253 299 1332
2417 253 299 2288
2422 254 254 0
2433 254 299 1172
2434 254 299 924
2435 254 299 1172
2436 254 299 924
2443 255 261 0
2444 255 268 0
2445 255 262 0
2446 255 299 1910
2447 255 299 1910
2448 255 299 1145
2449 255 299 1145
2450 255 299 1135
2451 255 299 1135
2454 255 299 1646
2455 255 259 1646
2457 255 298 1358
2458 255 273 632
2459 255 299 921
2461 255 299 1358
2462 255 299 632
2463 255 297 921
2472 256 281 34
2473 256 299 34
2478 256 269 746
2479 256 259 746
2487 257 299 0
2488 257 299 0
2491 257 299 1333
2492 257 299 1333
2493 257 263 1362
2494 257 268 1362
2495 257 299 394
2496 257 299 394
2503 257 299 2252
2504 257 299 1458
2507 257 299 2252
2508 257 284 1458
2514 258 258 0
2517 258 299 2186
2518 258 299 2186
2519 258 299 2410
2520 258 273 534
2521 258 299 2410
2522 258 299 534
2526 259 285 1228
2527 259 299 1228
2528 259 261 940
2529 259 299 940
2534 259 279 1337
2535 259 299 1337
2538 259 299 2353
2539 259 299 2353
2543 259 299 1312
2544 259 299 1406
2545 259 299 2238
2546 259 299 2116
2550 259 299 1312
2551 259 299 1406
2552 259 287 2238
2553 259 285 2116
2562 260 270 0
2567 260 263 2309
2568 260 282 2309
2571 260 278 2479
2572 260 263 2479
2573 260 283 2455
2574 260 299 2455
2575 260 299 1280
2576 260 299 1339
2577 260 299 1280
2578 260 299 1339
2582 261 299 0
2583 261 289 0
2597 261 299 1239
2598 261 299 2040
2599 261 299 1152
2603 261 299 1239
2604 261 299 2040
2605 261 299 1152
2610 262 266 0
2611 262 262 1293
2612 262 299 1293
2615 262 299 1177
2616 262 299 1177
2617 262 299 2528
2618 262 299 2528
2619 262 299 1310
2620 262 299 1310
2621 262 299 1313
2622 262 299 1313
2623 262 299 1698
2624 262 299 1309
2625 262 299 1123
2627 262 265 1336
2628 262 299 1698
2629 262 299 1309
2630 262 280 1123
2632 262 299 1336
2635 263 299 0
2641 263 299 1465
2642 263 299 1465
2645 263 276 1188
2646 263 299 1188
2649 263 299 2611
2650 263 267 1955
2652 263 267 1327
2654 263 299 2611
2655 263 299 1955
2657 263 299 1327
2662 264 273 0
2663 264 279 1724
2664 264 299 1724
2665 264 284 2567
2666 264 268 2567
2667 264 299 1723
2668 264 299 1363
2670 264 276 2493
2672 264 299 2572
2673 264 299 1723
2674 264 299 1363
2676 264 299 2493
2678 264 299 2572
2681 265 291 0
2682 265 265 0
2683 265 299 0
2690 265 274 1057
2691 265 275 1057
2702 266 273 0
2703 266 299 1906
2704 266 299 1906
2706 266 299 45
2707 266 299 1307
2709 266 273 45
2710 266 299 1307
2717 267 299 1405
2718 267 299 1405
2727 268 299 1341
2728 268 299 1341
2731 268 299 2652
2732 268 299 2652
2746 269 299 1273
2747 269 299 1273
2748 269 299 1254
2749 269 272 1254
2750 269 281 2494
2751 269 299 2494
2754 269 299 0
2755 269 299 2444
2756 269 299 2444
2759 269 299 1996
2760 269 299 1996
2764 269 299 1444
2766 269 299 1444
2772 270 295 0
2777 270 299 1153
2779 270 299 1153
2780 270 299 1840
2781 270 299 1840
2782 270 274 1707
2783 270 278 1707
2789 270 299 964
2791 270 299 964
2798 271 272 0
2799 271 271 0
2802 271 279 1606
2805 271 299 1606
2817 272 272 0
2818 272 275 0
2819 272 299 1385
2820 272 299 1385
2832 272 299 1549
2833 272 299 1549
2840 273 287 2798
2841 273 299 2798
2848 273 299 1462
2850 273 299 1462
2856 274 285 0
2857 274 277 0
2862 274 299 1373
2863 274 299 1373
2867 274 299 1278
2868 274 299 1278
2869 274 299 1122
2870 274 299 1122
2871 274 299 2709
2872 274 299 2709
2876 274 299 2458
2877 274 299 2458
2882 274 299 2251
2883 274 299 1446
2885 274 299 1613
2888 274 299 2251
2889 274 299 1446
2891 274 297 1613
2897 275 299 2690
2898 275 299 2690
2901 275 299 1539
2902 275 299 1602
2903 275 299 1546
2904 275 299 1539
2905 275 299 1602
2906 275 283 1546
2915 276 299 2021
2916 276 299 2021
2917 276 299 1897
2918 276 299 1897
2919 276 299 2223
2920 276 299 2223
2925 276 291 2248
2926 276 299 1227
2928 276 290 1894
2929 276 299 1093
2930 276 279 2248
2931 276 299 1227
2933 276 285 1894
2934 276 299 1093
2944 277 299 0
2954 277 299 486
2955 277 299 486
2960 277 299 1480
2961 277 299 1599
2962 277 299 1913
2963 277 285 1706
2964 277 299 1480
2965 277 299 1599
2966 277 296 1913
2967 277 299 1706
2974 278 299 0
2977 278 299 2011
2978 278 299 2011
2979 278 299 1612
2980 278 299 1612
2982 278 299 1445
2983 278 278 1595
2986 278 299 1445
2987 278 299 1595
2995 279 281 0
2996 279 299 0
3002 279 299 1645
3003 279 284 1645
3006 279 299 1130
3008 279 299 1933
3009 279 299 2783
3011 279 299 1079
3012 279 299 1130
3014 279 285 1933
3015 279 299 2783
3017 279 299 1079
3025 280 299 1749
3026 280 299 1749
3027 280 299 1137
3028 280 299 1137
3031 280 299 1091
3032 280 299 1091
3034 280 299 2663
3035 280 299 2534
3037 280 299 2663
3038 280 299 2534
3044 281 290 0
3045 281 281 0
3048 281 282 0
3049 281 299 1340
3050 281 299 1340
3053 281 285 2086
3054 281 299 2086
3056 281 299 1758
3058 281 299 2630
3061 281 294 1758
3063 281 299 2630
3075 282 282 0
3076 282 299 0
3077 282 299 1649
3078 282 294 1649
3079 282 299 2472
3080 282 299 2472
3082 282 299 834
3083 282 299 834
3088 282 299 1759
3089 282 299 2750
3090 282 299 1607
3091 282 299 1759
3092 282 299 2750
3093 282 299 1607
3097 283 284 0
3098 283 299 0
3099 283 299 0
3100 283 292 0
3101 283 299 3048
3102 283 299 3048
3105 283 299 1436
3106 283 299 1436
3107 283 299 1524
3108 283 289 1524
3109 283 299 2568
3110 283 294 2568
3123 283 299 1386
3124 283 283 1386
3125 283 299 2356
3126 283 299 1542
3127 283 299 1862
3128 283 299 1600
3130 283 299 1635
3131 283 299 2356
3132 283 299 1542
3133 283 299 1862
3134 283 299 1600
3136 283 294 1635
3143 284 296 2403
3144 284 299 2403
3149 284 299 868
3150 284 299 868
3151 284 299 2573
3152 284 299 2573
3154 284 299 1776
3158 284 299 1828
3159 284 299 2906
3160 284 299 1615
3161 284 299 3124
3163 284 299 1776
3167 284 299 1828
3168 284 288 2906
3169 284 299 1615
3170 284 288 3124
3182 285 299 2665
3183 285 288 2665
3186 285 291 1826
3187 285 299 1826
3188 285 299 3003
3189 285 299 3003
3190 285 290 867
3191 285 299 867
3192 285 299 1845
3193 285 299 1732
3195 285 299 994
3196 285 299 2508
3199 285 299 1845
3200 285 299 1732
3202 285 299 994
3203 285 299 2508
3216 286 299 0
3219 286 299 2856
3220 286 295 2856
3227 286 299 1750
3228 286 299 1778
3230 286 299 2553
3231 286 299 1750
3232 286 299 1778
3234 286 299 2553
3247 287 299 1318
3248 287 299 1318
3253 287 299 1173
3255 287 299 1173
3258 287 299 1936
3259 287 299 1936
3260 287 299 1438
3261 287 299 1760
3262 287 299 2037
3263 287 299 1241
3266 287 293 1438
3267 287 299 1760
3268 287 299 2037
3269 287 299 1241
3281 288 292 0
3282 288 299 1637
3283 288 299 1637
3284 288 299 2840
3285 288 299 2840
3286 288 299 1271
3287 288 299 1271
3290 288 299 1783
3291 288 299 1783
3296 288 299 1357
3299 288 299 1650
3301 288 299 1357
3304 288 299 1650
3312 289 293 0
3313 289 292 0
3314 289 299 0
3317 289 294 1708
3318 289 291 1708
3319 289 299 3183
3320 289 299 3183
3325 289 299 3168
3326 289 299 3168
3327 289 299 743
3328 289 298 743
3329 289 299 1482
3330 289 299 1435
3331 289 299 1693
3332 289 299 1774
3333 289 299 2322
3334 289 299 1482
3335 289 299 1435
3336 289 299 1693
3337 289 299 1774
3338 289 299 2322
3349 290 292 0
3350 290 291 0
3351 290 299 0
3352 290 299 0
3353 290 299 0
3354 290 299 1582
3355 290 290 1582
3360 290 299 1686
3361 290 299 1686
3366 290 299 1780
3367 290 299 1780
3370 290 299 1727
3371 290 299 845
3372 290 299 3108
3373 290 299 1879
3376 290 299 1727
3377 290 299 845
3378 290 299 3108
3379 290 299 1879
3386 291 299 3355
3387 291 292 3355
3394 291 299 1709
3395 291 299 1709
3396 291 299 1785
3397 291 299 1785
3398 291 299 3190
3399 291 299 3190
3400 291 299 1692
3401 291 299 1491
3406 291 299 2928
3407 291 299 1692
3408 291 299 1491
3413 291 299 2928
3420 292 299 0
3421 292 292 0
3422 292 299 0
3423 292 295 0
3424 292 299 2008
3425 292 299 2008
3428 292 299 2925
3429 292 299 2925
3432 292 299 3186
3434 292 299 3186
3435 292 292 2053
3436 292 299 2053
3437 292 299 2135
3438 292 299 1101
3439 292 295 1490
3443 292 299 1687
3444 292 292 2135
3445 292 299 1101
3446 292 292 1490
3450 292 299 1687
3461 293 299 0
3462 293 299 0
3463 293 299 0
3464 293 295 0
3465 293 299 3387
3466 293 299 3387
3467 293 299 638
3468 293 299 638
3473 293 299 471
3474 293 299 1001
3475 293 299 1752
3476 293 299 1917
3477 293 299 3281
3478 293 299 471
3479 293 299 1001
3480 293 299 1752
3481 293 299 1917
3482 293 295 3281
3496 294 299 0
3497 294 299 0
3498 294 299 2354
3499 294 299 2354
3500 294 299 3266
3501 294 299 3266
3506 294 299 1928
3508 294 299 2342
3511 294 299 1934
3512 294 299 1928
3514 294 299 2342
3517 294 299 1934
3522 295 297 0
3523 295 295 0
3524 295 299 0
3525 295 299 0
3526 295 298 0
3527 295 299 3078
3528 295 295 3078
3534 295 299 3061
3535 295 299 3061
3536 295 299 3317
3537 295 299 3317
3542 295 299 2058
3543 295 299 2058
3549 295 299 1825
3551 295 299 1871
3552 295 299 1479
3553 295 299 3110
3555 295 299 1860
3556 295 299 2062
3558 295 299 1825
3560 295 299 1871
3561 295 299 1479
3562 295 299 3110
3564 295 299 1860
3565 295 299 2062
3573 296 296 0
3576 296 299 1648
3577 296 299 1648
3578 296 299 3528
3579 296 297 3528
3580 296 299 1769
3581 296 299 1769
3582 296 299 3220
3583 296 299 3220
3584 296 299 1325
3585 296 299 1325
3590 296 299 360
3591 296 299 360
3592 296 299 3423
3593 296 299 3423
3594 296 299 2044
3596 296 299 2044
3601 296 299 3439
3602 296 299 1136
3603 296 299 1326
3604 296 299 1859
3606 296 299 3439
3607 296 299 1136
3608 296 299 1326
3609 296 299 1859
3622 297 299 1731
3623 297 299 1731
3624 297 299 1540
3626 297 299 1540
3627 297 299 2140
3628 297 299 2140
3629 297 297 2966
3630 297 299 2966
3633 297 299 1734
3634 297 299 1734
3635 297 299 1665
3637 297 299 1678
3638 297 299 1721
3639 297 299 3143
3640 297 299 1855
3641 297 299 1729
3642 297 299 1665
3644 297 299 1678
3645 297 299 1721
3646 297 299 3143
3647 297 299 1855
3648 297 299 1729
3659 298 299 0
3660 298 298 0
3663 298 299 3579
3664 298 299 3579
3665 298 299 938
3666 298 299 938
3669 298 299 2143
3670 298 299 2143
3671 298 299 3629
3672 298 299 3629
3673 298 299 2463
3674 298 298 2463
3675 298 299 2080
3676 298 299 2080
3682 298 299 245
3683 298 299 2000
3685 298 299 245
3686 298 299 2000
3699 299 299 0
3700 299 299 0
3701 299 299 0
3702 299 299 0
3703 299 299 1739
3704 299 299 1739
3707 299 299 1748
3708 299 299 1748
3709 299 299 2457
3710 299 299 2457
3713 299 299 808
3714 299 299 808
3719 299 299 1903
3720 299 299 1903
3724 299 299 1111
3725 299 299 1111
3726 299 299 2092
3727 299 299 2092
3730 299 299 3328
3731 299 299 3328
3732 299 299 1664
3735 299 299 1835
3736 299 299 1912
3738 299 299 2216
3739 299 299 1664
3742 299 299 1835
3743 299 299 1912
3745 299 299 2216
3808 128 222 252
3809 128 131 252
4090 229 234 1586
4091 229 231 1586
4201 246 246 2098
4202 246 299 2098
4655 298 299 2891
4656 298 299 2891
