1 0 0 0
2 0 0 0
3 0 0 0
4 0 0 0
5 1 8 0
6 1 1 0
7 1 1 0
8 2 3 0
9 2 2 0
10 3 3 0
11 3 3 0
12 3 3 0
13 4 5 0
14 4 4 0
15 5 5 0
16 6 6 0
17 6 6 0
18 6 6 0
19 6 6 0
20 6 6 0
21 7 7 0
22 7 8 0
23 8 9 0
24 8 9 0
25 8 8 0
26 8 8 0
27 8 8 0
28 9 9 5
29 9 9 5
30 9 9 0
31 10 10 0
32 10 10 0
33 10 10 0
34 10 11 0
35 10 10 0
36 10 11 0
37 10 10 0
38 11 13 0
39 11 11 0
40 11 11 0
41 12 19 0
42 12 12 0
43 12 12 0
44 12 12 0
45 13 14 0
46 14 14 0
47 15 15 45
48 15 18 45
49 15 15 0
50 16 16 0
51 17 17 0
52 17 17 0
53 18 18 0
54 19 41 48
55 19 22 48
56 19 19 0
57 20 20 0
58 20 21 0
59 21 21 57
60 21 23 57
61 21 22 57
62 21 21 0
63 22 22 0
64 22 22 0
65 22 22 0
66 23 23 0
67 23 25 0
68 23 23 0
69 24 34 60
70 24 25 60
71 24 27 0
72 26 27 0
73 28 33 72
74 28 32 72
75 28 28 72
76 30 30 0
77 31 32 0
78 31 32 0
79 33 33 0
80 34 39 73
81 34 35 73
82 34 35 0
83 35 47 0
84 37 37 0
85 37 39 0
86 40 40 0
87 40 40 0
88 41 47 0
89 41 42 0
90 42 47 0
91 42 42 0
92 44 44 0
93 45 45 0
94 45 45 0
95 47 47 0
