1 0 45 0
2 0 28 0
3 1 44 0
4 1 21 0
5 8 28 0
6 9 28 0
7 11 13 0
9 14 49 0
10 14 23 0
11 17 28 0
12 18 26 0
13 18 63 0
14 19 44 0
15 23 51 0
16 23 35 4
17 23 35 4
18 26 59 0
19 27 44 12
20 27 28 12
21 28 28 0
22 29 44 0
23 29 44 0
24 29 53 0
25 29 45 5
26 29 44 11
27 29 58 20
28 29 62 6
29 29 44 2
30 29 53 5
31 29 73 11
32 29 39 20
33 29 44 6
34 29 63 2
35 30 79 0
39 36 51 16
40 36 51 17
41 36 74 16
42 36 61 17
53 41 59 32
54 41 54 32
55 42 74 0
63 45 73 0
64 45 63 0
65 45 64 0
67 45 63 3
68 45 49 3
69 45 68 26
70 45 50 26
71 45 45 33
72 45 63 33
73 45 64 19
74 45 54 19
75 45 62 14
76 45 62 29
77 45 63 22
78 45 64 23
79 45 62 14
80 45 62 29
81 45 48 22
82 45 65 23
83 46 65 0
84 46 64 0
87 46 63 25
88 46 63 25
89 46 54 1
90 46 64 1
91 46 74 71
92 46 53 71
101 49 73 81
102 49 58 81
117 51 53 9
118 51 85 9
119 52 66 0
120 52 61 40
121 52 64 40
122 52 73 39
123 52 63 39
124 52 72 15
125 52 64 15
127 54 63 0
130 54 63 24
131 54 63 24
132 54 66 30
133 54 77 30
137 55 64 54
138 55 65 89
139 55 65 54
140 55 73 89
152 60 64 0
153 60 60 18
154 60 65 18
155 60 65 53
156 60 90 53
158 61 64 153
159 61 80 153
161 62 66 120
162 62 64 120
163 63 63 28
164 63 76 28
165 63 79 75
167 63 73 75
168 63 88 80
169 63 73 80
171 63 100 79
172 63 75 79
173 63 83 76
174 63 110 76
179 64 72 0
180 64 64 127
181 64 65 127
184 64 87 88
185 64 64 88
186 64 65 87
187 64 64 87
188 64 68 13
189 64 88 13
190 64 80 72
192 64 76 72
193 64 75 34
194 64 79 34
197 64 65 77
198 64 76 77
199 64 64 130
200 64 64 130
201 64 79 67
202 64 86 67
203 64 64 131
204 64 90 131
205 64 69 163
206 64 66 163
207 64 74 64
208 64 86 64
215 65 76 65
216 65 93 65
217 65 81 187
218 65 65 187
219 65 76 73
220 65 86 73
225 65 74 185
226 65 65 185
227 65 85 84
228 65 77 84
229 65 65 125
230 65 87 125
231 65 92 78
232 65 88 78
233 65 73 121
234 65 86 121
235 65 87 137
236 65 70 137
237 65 65 162
238 65 66 162
239 65 72 203
240 65 86 203
241 65 65 90
242 65 99 90
243 65 65 199
244 65 81 199
246 65 66 158
247 65 88 158
256 66 81 82
257 66 95 82
258 66 89 0
259 66 72 83
260 66 72 83
261 66 84 155
262 66 107 155
263 66 76 197
264 66 78 197
265 66 84 229
266 66 84 229
269 66 87 237
270 66 78 237
271 66 66 218
272 66 66 218
275 66 79 243
276 66 115 243
277 66 89 154
278 66 66 186
279 66 104 154
280 66 76 186
286 67 74 0
289 67 84 246
290 67 86 246
291 67 76 278
292 67 88 278
295 67 87 238
296 67 72 238
297 67 94 206
298 67 74 206
309 69 95 188
310 69 79 188
318 72 90 0
326 73 73 296
327 73 75 296
328 73 86 239
329 73 89 239
330 73 99 259
331 73 73 179
332 73 100 259
333 73 73 179
339 74 90 233
340 74 86 233
341 74 86 63
342 74 87 63
345 74 89 101
346 74 78 101
347 74 85 167
348 74 84 167
349 74 83 331
350 74 76 331
351 74 79 140
352 74 76 140
359 75 86 207
360 75 80 207
363 75 82 298
364 75 87 298
365 75 85 91
366 75 76 91
368 76 90 327
370 76 90 327
371 76 78 172
372 76 89 172
378 77 79 352
379 77 93 352
380 77 104 219
381 77 88 219
382 77 85 366
383 77 85 366
388 77 99 263
389 77 92 263
390 77 81 215
391 77 87 215
392 77 80 291
393 77 88 291
394 77 77 350
395 77 95 350
399 78 85 0
400 78 87 133
401 78 87 133
408 79 79 346
409 79 107 346
410 79 79 371
411 79 117 371
418 80 81 0
419 80 108 410
420 80 90 410
425 80 80 165
426 80 80 165
427 80 80 408
428 80 82 408
429 80 89 275
430 80 84 275
431 80 80 351
432 80 80 351
440 81 85 360
441 81 82 360
444 81 92 392
445 81 86 392
446 81 86 425
447 81 86 425
448 81 87 159
449 81 83 159
452 81 81 432
453 81 81 432
460 82 86 453
461 82 84 453
464 82 123 418
465 82 96 418
468 82 86 256
469 82 92 256
476 82 87 390
477 82 88 390
482 83 87 363
483 83 86 363
500 84 100 449
501 84 84 449
504 84 86 173
505 84 86 349
506 84 97 173
507 84 121 349
513 85 96 461
514 85 86 461
517 85 86 289
518 85 116 289
519 85 87 348
520 85 92 348
523 85 97 501
524 85 85 501
527 85 139 430
528 85 125 265
529 85 99 266
530 85 117 261
531 85 93 430
532 85 92 265
533 85 89 266
534 85 110 261
540 86 94 0
541 86 91 440
542 86 87 440
551 86 111 227
552 86 87 227
555 86 107 383
556 86 86 383
559 86 88 382
560 86 87 382
563 86 104 399
564 86 86 365
565 86 86 399
566 86 110 365
583 87 87 359
584 87 93 359
587 87 87 445
588 87 114 445
591 87 87 340
592 87 93 340
593 87 91 504
594 87 89 504
595 87 93 514
596 87 115 514
597 87 96 202
598 87 108 202
599 87 110 505
600 87 87 505
601 87 102 517
602 87 91 517
603 87 88 447
604 87 90 240
605 87 95 328
606 87 88 341
608 87 100 460
610 87 87 446
611 87 88 447
612 87 109 240
613 87 88 328
614 87 87 341
616 87 103 460
618 87 98 446
632 88 88 448
633 88 89 448
638 88 89 269
639 88 88 269
640 88 88 542
641 88 90 542
644 88 92 476
645 88 91 476
646 88 90 591
647 88 93 591
648 88 88 482
649 88 89 482
650 88 89 600
651 88 93 600
652 88 107 391
653 88 100 391
654 88 97 614
655 88 106 614
658 88 89 583
659 88 129 583
660 88 100 401
661 88 91 401
662 88 90 552
663 88 100 552
664 88 107 400
665 88 89 230
666 88 97 295
667 88 104 184
668 88 88 342
669 88 91 400
670 88 110 230
671 88 97 295
672 88 91 184
673 88 88 342
681 89 100 247
682 89 89 247
683 89 97 648
684 89 89 648
685 89 94 381
686 89 106 381
687 89 91 559
688 89 91 559
691 89 90 603
692 89 90 603
693 89 90 477
694 89 107 477
697 89 89 640
698 89 107 640
703 89 99 639
704 89 89 639
707 89 95 168
708 89 95 168
711 89 100 232
712 89 102 232
715 89 90 611
716 89 92 611
717 89 89 393
718 89 94 393
723 89 124 613
724 89 96 632
725 89 92 189
726 89 89 673
727 89 107 613
728 89 89 632
729 89 92 189
730 89 91 673
748 90 94 258
749 90 93 258
750 90 105 665
751 90 92 665
752 90 92 697
753 90 91 697
762 90 90 533
763 90 92 533
764 90 99 704
765 90 94 704
766 90 94 649
767 90 92 649
769 90 90 726
770 90 90 726
771 90 104 372
772 90 95 372
773 90 90 717
774 90 94 717
775 90 101 650
776 90 90 650
783 90 101 429
784 90 93 429
785 90 104 682
786 90 100 277
787 90 119 682
788 90 91 277
808 91 105 646
809 91 105 646
816 91 101 773
817 91 100 773
820 91 100 715
821 91 91 715
822 91 91 204
823 91 96 204
826 91 91 770
827 91 91 770
830 91 92 641
831 91 92 641
834 91 104 693
835 91 100 693
836 91 99 368
837 91 104 368
838 91 91 156
839 91 101 370
840 91 94 420
841 91 107 691
842 91 93 762
843 91 97 156
844 91 94 370
845 91 126 420
846 91 107 691
847 91 116 762
863 92 99 661
864 92 100 661
867 92 95 541
868 92 116 541
869 92 92 788
870 92 93 788
871 92 111 687
872 92 92 687
875 92 95 602
876 92 95 602
877 92 97 826
878 92 92 826
883 92 92 821
884 92 95 821
885 92 116 672
886 92 92 672
887 92 109 645
888 92 99 645
889 92 92 822
890 92 97 822
895 92 94 593
896 92 93 593
899 92 94 827
902 92 92 827
923 93 119 0
924 93 106 751
925 93 95 751
926 93 93 767
927 93 131 767
930 93 100 830
931 93 94 830
932 93 103 872
933 93 99 872
934 93 95 725
935 93 96 725
936 93 106 716
937 93 93 716
940 93 123 889
941 93 116 889
944 93 106 831
945 93 100 831
946 93 101 729
947 93 95 729
953 93 101 763
954 93 100 763
955 93 99 752
956 93 99 752
957 93 121 886
958 93 105 886
959 93 98 231
960 93 106 878
961 93 97 231
962 93 93 878
988 94 95 937
989 94 94 937
1000 94 109 926
1001 94 100 926
1002 94 95 651
1003 94 96 651
1004 94 110 962
1005 94 97 962
1006 94 96 784
1007 94 100 784
1010 94 103 595
1011 94 108 595
1016 94 100 870
1017 94 103 896
1018 94 118 647
1019 94 94 870
1020 94 101 896
1021 94 94 647
1050 95 100 895
1051 95 96 895
1052 95 100 765
1053 95 95 765
1061 95 96 685
1062 95 99 685
1067 95 99 931
1068 95 114 931
1069 95 100 766
1070 95 118 766
1071 95 103 540
1072 95 99 840
1073 95 98 748
1074 95 113 540
1075 95 108 840
1076 95 96 748
1092 96 100 934
1093 96 114 934
1094 96 96 988
1095 96 99 988
1100 96 106 257
1101 96 111 257
1104 96 116 1002
1105 96 101 1002
1112 96 107 867
1113 96 118 867
1116 96 99 309
1117 96 107 309
1118 96 110 875
1119 96 109 875
1120 96 103 395
1121 96 110 395
1122 96 107 605
1124 96 96 772
1125 96 96 605
1127 96 106 772
1142 97 110 0
1149 97 102 513
1150 97 100 513
1151 97 100 1094
1152 97 104 1094
1153 97 97 1003
1154 97 97 1003
1157 97 107 1076
1158 97 97 1076
1159 97 100 1124
1160 97 113 1124
1184 98 118 523
1185 98 116 523
1192 98 104 1154
1193 98 100 1154
1194 98 100 843
1195 98 104 843
1202 98 100 654
1203 98 113 654
1206 98 120 961
1208 98 101 671
1209 98 120 961
1211 98 101 671
1221 99 110 959
1222 99 116 959
1223 99 110 1073
1224 99 107 1073
1250 100 100 933
1251 100 100 933
1252 100 100 863
1253 100 100 863
1260 100 110 330
1261 100 102 330
1268 100 108 955
1269 100 103 955
1270 100 100 888
1271 100 114 888
1272 100 114 1116
1273 100 104 1116
1274 100 106 1072
1275 100 103 1072
1278 100 103 836
1279 100 100 836
1282 100 107 242
1283 100 110 764
1284 100 103 242
1285 100 102 764
1314 101 107 500
1315 101 118 500
1316 101 102 864
1317 101 102 864
1318 101 139 1253
1319 101 113 1253
1320 101 107 930
1321 101 104 930
1322 101 113 835
1323 101 107 835
1326 101 101 786
1327 101 105 786
1328 101 123 1016
1329 101 103 1016
1330 101 113 1194
1331 101 113 1194
1332 101 132 1007
1333 101 121 1007
1336 101 108 171
1337 101 101 171
1338 101 102 1279
1339 101 107 1279
1344 101 101 1092
1345 101 106 1092
1348 101 104 820
1349 101 106 820
1350 101 104 681
1351 101 123 681
1352 101 101 954
1353 101 110 954
1354 101 121 663
1355 101 116 663
1360 101 103 1202
1361 101 104 1202
1362 101 106 1052
1363 101 104 1052
1368 101 112 1270
1369 101 103 1270
1389 102 105 1020
1390 102 112 1020
1393 102 108 1344
1394 102 110 1344
1395 102 109 1105
1396 102 123 1105
1397 102 122 1337
1398 102 102 1337
1405 102 104 946
1406 102 103 946
1409 102 109 1352
1411 102 108 1352
1412 102 117 1326
1413 102 112 1326
1414 102 103 1211
1415 102 102 1211
1432 103 103 1415
1433 103 104 1415
1434 103 114 601
1435 103 119 601
1439 103 109 1149
1440 103 107 1149
1461 103 107 1316
1462 103 103 1316
1486 104 110 1329
1487 104 113 1329
1492 104 104 1462
1493 104 109 1462
1496 104 105 1269
1497 104 105 1269
1502 104 111 1017
1503 104 105 1017
1508 104 124 1071
1509 104 111 1071
1512 104 106 1360
1513 104 106 1360
1514 104 110 1284
1515 104 139 1284
1522 104 123 1120
1523 104 109 616
1524 104 104 1432
1525 104 104 1120
1526 104 104 616
1527 104 108 1432
1550 105 111 279
1551 105 136 279
1557 105 110 834
1558 105 106 834
1559 105 117 1492
1560 105 109 1492
1563 105 107 1273
1564 105 105 1273
1569 105 117 771
1570 105 113 771
1573 105 107 1526
1574 105 105 1526
1575 105 105 1524
1576 105 106 1524
1579 105 106 1195
1580 105 111 1195
1583 105 106 1321
1584 105 115 1321
1585 105 112 1363
1586 105 129 1363
1613 106 110 1575
1614 106 116 1575
1617 106 120 1497
1618 106 107 1497
1621 106 106 1327
1622 106 106 1327
1623 106 107 1389
1624 106 107 1389
1625 106 128 808
1626 106 106 808
1639 106 120 750
1640 106 106 750
1641 106 110 1496
1642 106 114 958
1643 106 106 1496
1644 106 113 958
1665 107 110 1622
1666 107 110 1622
1671 107 108 1640
1672 107 110 1640
1673 107 119 686
1674 107 107 686
1681 107 107 1643
1682 107 125 1643
1683 107 120 1100
1684 107 117 1100
1693 107 107 1127
1694 107 107 1127
1695 107 107 1626
1696 107 117 1626
1699 107 111 1558
1700 107 107 1558
1705 107 110 1583
1706 107 112 1583
1707 107 107 655
1708 107 110 655
1709 107 117 1513
1710 107 107 1513
1717 107 121 1349
1718 107 107 1512
1721 107 110 1349
1722 107 107 1512
1761 108 108 1224
1762 108 116 1224
1763 108 109 1157
1764 108 111 1157
1765 108 113 1112
1766 108 118 1112
1767 108 114 1681
1768 108 110 1681
1771 108 116 1573
1772 108 115 1573
1773 108 123 1623
1774 108 108 1623
1775 108 114 841
1776 108 108 841
1777 108 110 1122
1778 108 115 1122
1783 108 121 1695
1784 108 110 1695
1785 108 113 1710
1786 108 115 1710
1789 108 108 1339
1790 108 121 1339
1791 108 111 652
1792 108 112 652
1795 108 120 1700
1796 108 121 1700
1799 108 138 694
1800 108 128 694
1804 108 135 1282
1805 108 119 1282
1810 108 113 727
1811 108 109 727
1812 108 108 262
1813 108 124 262
1814 108 117 1314
1815 108 108 1314
1817 108 110 1722
1818 108 139 846
1820 108 131 1722
1821 108 114 846
1844 109 110 598
1845 109 110 598
1850 109 120 1789
1851 109 110 1789
1854 109 109 1393
1855 109 111 1393
1856 109 110 1774
1857 109 109 1774
1860 109 110 1075
1861 109 110 1075
1864 109 111 419
1865 109 114 419
1866 109 112 1411
1867 109 109 1411
1868 109 110 1761
1869 109 110 1761
1870 109 113 1776
1871 109 120 1776
1872 109 121 1011
1873 109 130 1011
1874 109 111 1812
1877 109 129 1812
1892 110 115 1493
1893 110 110 1493
1898 110 117 612
1899 110 117 612
1904 110 124 1857
1905 110 110 1857
1906 110 111 1867
1907 110 124 1867
1908 110 111 1000
1909 110 111 1000
1912 110 113 887
1913 110 110 887
1914 110 110 1854
1915 110 119 1854
1922 110 113 1395
1923 110 119 1395
1962 111 111 1913
1963 111 113 1913
1966 111 113 1768
1967 111 113 1768
1968 111 119 1118
1969 111 120 1118
1972 111 111 1905
1973 111 118 1905
1974 111 139 1283
1975 111 120 1283
1978 111 112 1142
1979 111 112 1142
1980 111 113 1708
1981 111 113 1708
1984 111 118 1672
1985 111 116 1672
1986 111 118 1869
1987 111 117 1869
1988 111 112 1666
1989 111 118 1666
1990 111 112 1486
1991 111 111 1486
1994 111 115 1721
1995 111 122 1721
1996 111 115 174
1997 111 112 174
1998 111 112 566
1999 111 115 566
2002 111 118 599
2003 111 117 599
2008 111 115 534
2009 111 111 1514
2010 111 117 1613
2012 111 115 1914
2015 111 119 534
2016 111 111 1514
2017 111 120 1613
2019 111 113 1914
2049 112 118 2009
2050 112 112 2009
2053 112 115 1855
2054 112 113 1855
2061 112 118 1550
2062 112 113 1550
2065 112 114 1764
2066 112 114 1764
2067 112 121 551
2068 112 112 551
2069 112 118 1864
2070 112 114 1864
2075 112 112 1972
2076 112 113 1962
2077 112 112 2016
2078 112 118 1972
2079 112 124 1962
2080 112 127 2016
2101 113 113 1706
2102 113 113 1706
2120 113 123 2075
2121 113 113 2075
2124 113 115 1792
2125 113 132 1792
2126 113 113 1413
2127 113 113 1413
2134 113 113 2068
2135 113 113 2068
2138 113 116 2050
2139 113 116 2050
2171 114 114 1322
2172 114 114 1322
2173 114 120 1967
2174 114 139 1967
2175 114 126 1765
2176 114 114 1765
2179 114 123 2054
2180 114 128 2054
2185 114 115 1644
2186 114 117 1644
2189 114 114 2121
2190 114 114 2121
2191 114 123 2127
2192 114 117 2127
2193 114 116 2062
2194 114 129 2062
2195 114 115 1487
2196 114 115 1487
2197 114 116 2076
2198 114 116 2076
2199 114 123 1319
2200 114 123 1319
2201 114 126 2134
2202 114 115 2134
2203 114 114 1570
2204 114 114 1570
2205 114 115 1330
2206 114 124 1330
2207 114 118 1810
2208 114 114 1810
2209 114 122 1922
2210 114 120 1922
2213 114 114 1785
2214 114 116 1981
2215 114 139 1912
2218 114 114 1785
2219 114 120 1981
2220 114 114 1912
2246 115 124 2172
2247 115 121 2172
2248 115 118 2203
2249 115 118 2203
2256 115 124 1434
2257 115 120 1434
2264 115 115 2190
2265 115 115 2190
2268 115 126 588
2269 115 116 588
2270 115 127 2066
2271 115 115 2066
2272 115 124 2220
2273 115 116 2220
2278 115 119 1865
2279 115 139 1865
2280 115 118 2171
2281 115 115 2176
2282 115 115 2070
2283 115 117 1271
2284 115 115 1272
2285 115 115 2213
2286 115 115 2189
2287 115 115 2171
2288 115 118 2176
2289 115 115 2070
2290 115 139 1271
2291 115 115 1272
2292 115 139 2213
2293 115 127 2189
2320 116 139 2185
2321 116 118 2185
2324 116 118 2202
2325 116 118 2202
2326 116 119 2195
2327 116 116 2195
2330 116 122 2291
2331 116 118 2291
2334 116 139 2289
2335 116 124 2289
2340 116 118 1996
2341 116 127 1996
2342 116 116 2053
2343 116 120 2053
2344 116 119 2012
2345 116 116 2012
2348 116 117 2265
2349 116 119 2265
2352 116 116 1786
2353 116 118 1786
2362 116 116 2205
2363 116 121 2205
2364 116 122 1778
2365 116 118 1778
2366 116 122 2008
2367 116 139 2008
2372 116 139 596
2376 116 116 2286
2377 116 116 596
2381 116 126 2286
2405 117 130 1185
2406 117 117 1185
2407 117 124 847
2408 117 136 847
2409 117 117 2327
2410 117 129 2327
2416 117 124 2198
2417 117 118 2198
2422 117 128 2269
2423 117 125 2269
2426 117 117 868
2427 117 117 868
2428 117 123 2342
2429 117 120 2342
2430 117 119 1222
2431 117 127 1222
2432 117 121 2352
2433 117 139 2352
2436 117 139 1355
2437 117 128 1355
2438 117 118 1985
2439 117 117 1985
2442 117 132 941
2443 117 118 941
2446 117 118 1104
2447 117 124 1104
2452 117 124 1614
2453 117 124 1614
2454 117 119 2214
2455 117 139 2214
2456 117 139 885
2457 117 125 885
2459 117 119 2197
2461 117 117 1771
2464 117 120 2138
2465 117 117 2376
2467 117 117 2197
2469 117 119 1771
2472 117 124 2138
2473 117 122 2376
2503 118 118 2192
2504 118 121 2192
2505 118 118 2427
2506 118 118 2427
2511 118 119 5588
2513 118 125 5588
2516 118 123 1684
2517 118 118 1684
2520 118 134 2283
2521 118 124 2283
2526 118 121 1569
2527 118 121 1569
2528 118 128 2467
2529 118 118 2467
2532 118 118 1987
2533 118 119 1987
2534 118 118 1709
2535 118 118 1709
2536 118 124 2406
2537 118 121 2406
2544 118 119 1559
2545 118 128 1559
2546 118 123 411
2547 118 129 411
2552 118 124 2461
2553 118 129 2461
2554 118 120 530
2555 118 122 530
2556 118 118 2348
2557 118 121 2348
2558 118 120 2010
2559 118 139 1814
2560 118 129 2003
2562 118 118 2010
2563 118 139 1814
2564 118 139 2003
2602 119 128 2365
2603 119 129 2365
2606 119 124 1986
2607 119 121 1986
2608 119 124 2532
2609 119 123 2532
2612 119 125 1989
2613 119 120 1989
2614 119 127 1315
2615 119 130 1315
2616 119 120 2340
2617 119 127 2340
2620 119 119 2288
2621 119 119 2288
2622 119 133 1766
2623 119 119 1766
2624 119 119 2417
2625 119 119 2417
2626 119 124 2517
2627 119 121 2517
2628 119 119 2556
2629 119 136 2556
2630 119 120 2529
2631 119 139 2529
2636 119 119 2049
2637 119 119 2049
2638 119 119 2446
2639 119 139 2446
2644 119 119 2562
2645 119 123 2562
2656 119 121 5603
2658 119 121 5603
2659 119 120 2280
2660 119 121 2280
2671 119 119 2534
2672 119 119 2534
2673 119 139 2207
2674 119 139 2207
2675 119 120 1070
2676 119 123 2438
2677 119 139 2325
2678 119 124 2078
2679 119 119 2061
2680 119 124 2002
2682 119 119 2248
2683 119 123 1018
2684 119 128 5591
2685 119 119 1070
2686 119 119 2438
2687 119 121 2325
2688 119 123 2078
2689 119 119 2061
2690 119 139 2002
2692 119 122 2248
2693 119 119 1018
2694 119 139 5591
2739 120 127 787
2740 120 125 787
2745 120 123 1915
2746 120 125 1915
2749 120 128 2624
2750 120 128 2624
2751 120 122 2430
2752 120 126 2430
2753 120 120 2621
2754 120 125 2621
2755 120 120 2628
2756 120 123 2628
2759 120 139 2679
2760 120 120 2679
2763 120 120 1968
2764 120 139 1968
2765 120 139 2637
2766 120 139 2637
2767 120 139 2638
2768 120 129 2638
2769 120 120 1805
2770 120 139 1805
2773 120 127 5589
2774 120 127 5589
2775 120 121 2015
2776 120 121 2015
2777 120 120 1923
2778 120 123 1923
2786 120 120 5610
2787 120 120 5610
2788 120 120 2544
2789 120 124 2544
2790 120 130 1435
2791 120 131 1435
2792 120 139 2693
2793 120 121 2693
2794 120 120 2671
2795 120 123 2671
2796 120 136 2349
2797 120 128 2349
2802 120 139 2469
2803 120 123 2469
2804 120 123 923
2805 120 122 923
2806 120 121 2533
2807 120 123 2623
2810 120 124 2644
2811 120 129 2682
2812 120 121 2533
2813 120 127 2623
2816 120 120 2644
2817 120 123 2682
2843 121 121 2017
2844 121 121 2017
2845 121 139 2659
2846 121 124 2659
2849 121 129 2554
2850 121 139 2554
2851 121 128 1639
2852 121 129 1639
2859 121 126 2816
2860 121 121 2816
2861 121 121 2769
2862 121 121 2769
2865 121 129 2464
2866 121 125 2464
2869 121 128 2753
2870 121 124 2753
2873 121 121 2763
2874 121 126 2763
2875 121 139 2210
2876 121 124 2210
2881 121 139 2675
2882 121 126 2675
2883 121 137 2755
2884 121 121 2755
2892 121 124 2613
2893 121 121 2613
2898 121 124 1206
2899 121 124 1206
2900 121 122 1795
2901 121 122 1795
2902 121 133 2429
2903 121 124 2429
2906 121 121 1617
2907 121 126 1617
2908 121 128 2219
2909 121 121 2219
2910 121 124 2257
2911 121 139 2257
2914 121 131 2786
2915 121 121 2786
2918 121 127 2788
2919 121 123 2760
2921 121 139 1975
2922 121 126 2788
2923 121 139 2760
2925 121 126 1975
2958 122 126 0
2959 122 129 2806
2960 122 123 2806
2961 122 126 2504
2962 122 125 2504
2963 122 129 2893
2964 122 123 2893
2965 122 123 2247
2966 122 138 2247
2967 122 123 2656
2968 122 124 2656
2969 122 124 1796
2970 122 124 1796
2973 122 125 1717
2974 122 128 1717
2975 122 123 2793
2976 122 139 2793
2977 122 122 2537
2978 122 132 2537
2987 122 139 2776
2988 122 130 2776
2989 122 129 957
2990 122 139 957
2993 122 126 2432
2994 122 127 2432
2995 122 139 2873
2996 122 126 2873
2997 122 122 2860
2998 122 122 2860
2999 122 122 2843
3000 122 136 2843
3003 122 124 1790
3004 122 139 1790
3005 122 124 2363
3006 122 125 2363
3011 122 139 2067
3012 122 122 2067
3015 122 126 2526
3016 122 122 2526
3019 122 122 507
3020 122 139 507
3023 122 139 2861
3024 122 133 2861
3027 122 128 2607
3028 122 122 2660
3030 122 132 2844
3031 122 132 1872
3032 122 139 2607
3033 122 123 2660
3035 122 138 2844
3036 122 130 1872
3071 123 139 2330
3072 123 123 2330
3084 123 126 2751
3085 123 123 2751
3094 123 126 2805
3095 123 126 2805
3096 123 124 1995
3097 123 123 1995
3100 123 127 2473
3101 123 127 2473
3102 123 139 2209
3103 123 124 2209
3106 123 126 2998
3107 123 135 2998
3108 123 123 2900
3109 123 126 2900
3112 123 139 2692
3113 123 126 2692
3114 123 123 3019
3115 123 123 3019
3121 123 123 3028
3123 123 124 2997
3124 123 139 2999
3126 123 123 3012
3129 123 128 3028
3131 123 135 2997
3132 123 139 2999
3134 123 123 3012
3169 124 139 464
3170 124 139 464
3176 124 124 2200
3177 124 124 2200
3182 124 124 2179
3183 124 127 2179
3188 124 124 2191
3189 124 124 2191
3192 124 139 2965
3193 124 131 2965
3196 124 130 2803
3198 124 124 2803
3201 124 139 0
3202 124 126 2516
3203 124 126 2516
3210 124 130 3134
3211 124 124 3134
3218 124 131 2120
3219 124 128 2120
3220 124 126 2778
3221 124 124 2778
3222 124 127 1522
3223 124 135 1522
3224 124 124 3033
3225 124 126 3033
3230 124 129 2919
3231 124 127 2919
3234 124 127 2546
3235 124 139 2546
3236 124 131 2817
3237 124 124 2817
3245 124 139 1773
3246 124 124 1773
3247 124 124 2688
3248 124 124 2688
3249 124 124 2428
3250 124 128 2428
3251 124 139 2676
3252 124 139 2676
3254 124 128 2960
3255 124 124 2964
3256 124 124 3108
3257 124 132 2756
3258 124 139 2199
3260 124 136 2960
3261 124 138 2964
3262 124 124 3108
3263 124 127 2756
3264 124 129 2199
3314 125 139 2910
3315 125 139 2910
3316 125 135 3189
3317 125 125 3189
3322 125 139 2606
3323 125 129 2606
3326 125 139 3177
3327 125 125 3177
3328 125 128 2079
3330 125 127 2079
3341 125 125 2246
3342 125 137 2246
3343 125 139 5787
3344 125 132 5787
3350 125 139 2256
3351 125 129 2256
3352 125 131 1508
3353 125 126 1508
3357 125 126 2335
3358 125 127 2335
3365 125 133 2453
3366 125 126 2453
3369 125 139 3123
3370 125 133 3123
3371 125 126 2452
3372 125 139 2452
3375 125 126 3221
3376 125 127 3221
3377 125 126 3005
3378 125 126 3005
3379 125 125 2472
3380 125 135 2472
3381 125 132 2206
3382 125 125 2206
3387 125 133 723
3388 125 126 723
3389 125 126 3003
3390 125 132 3003
3391 125 139 3262
3392 125 139 3262
3393 125 138 2968
3394 125 139 2968
3395 125 127 3256
3396 125 127 3256
3397 125 132 3249
3398 125 125 3249
3399 125 139 2898
3400 125 127 2898
3401 125 139 3246
3402 125 139 3246
3403 125 125 2899
3404 125 128 2899
3409 125 126 2892
3410 125 128 2892
3413 125 128 3237
3414 125 139 3237
3417 125 139 3103
3418 125 139 3103
3419 125 128 3096
3420 125 127 3096
3421 125 128 2416
3422 125 139 2416
3423 125 125 2678
3424 125 139 2678
3425 125 132 1813
3426 125 139 1813
3427 125 128 3182
3428 125 133 2680
3429 125 126 2789
3431 125 127 3182
3432 125 139 2680
3433 125 126 2789
3459 126 132 0
3460 126 139 3317
3461 126 139 3317
3466 126 128 3341
3467 126 130 3341
3472 126 139 3423
3473 126 139 3423
3474 126 139 2457
3475 126 133 2457
3476 126 131 528
3477 126 139 528
3478 126 133 2513
3479 126 139 2513
3480 126 132 2866
3481 126 135 2866
3482 126 126 3006
3483 126 126 3006
3490 126 139 3403
3491 126 134 3403
3492 126 126 3398
3493 126 139 3398
3496 126 133 3379
3497 126 139 3379
3498 126 126 2962
3499 126 137 2962
3506 126 129 3327
3507 126 126 5786
3511 126 130 2740
3512 126 139 3327
3513 126 126 5786
3517 126 137 2740
3561 127 139 2958
3562 127 139 2958
3563 127 129 2268
3564 127 135 2268
3565 127 139 3507
3566 127 139 3507
3567 127 130 3202
3568 127 139 3202
3571 127 138 3498
3572 127 128 3498
3573 127 127 5602
3574 127 127 5602
3575 127 139 2874
3576 127 135 2874
3577 127 133 2922
3578 127 132 2922
3579 127 129 3492
3580 127 139 3492
3581 127 133 3483
3582 127 139 3483
3583 127 139 3371
3584 127 136 3371
3588 127 139 3015
3589 127 139 3015
3590 127 139 3220
3591 127 130 3220
3594 127 135 3389
3595 127 131 3389
3598 127 127 2907
3599 127 127 2907
3600 127 127 3203
3601 127 127 3203
3613 127 130 3429
3614 127 127 3429
3619 127 135 3388
3620 127 139 3388
3621 127 129 3353
3622 127 139 3353
3627 127 128 3482
3629 127 139 3094
3630 127 139 3357
3632 127 139 2201
3633 127 129 2175
3634 127 139 2752
3635 127 135 2925
3636 127 133 845
3637 127 129 2996
3638 127 139 3482
3640 127 133 3094
3641 127 137 3357
3643 127 135 2201
3644 127 131 2175
3645 127 139 2752
3646 127 127 2925
3647 127 139 845
3648 127 130 2996
3687 128 139 2270
3688 128 139 2270
3695 128 134 3573
3696 128 128 3573
3697 128 128 3598
3698 128 139 3598
3699 128 133 3431
3700 128 128 3431
3701 128 128 2813
3702 128 129 2813
3705 128 139 3231
3706 128 139 3231
3709 128 130 3400
3710 128 128 3400
3711 128 139 2341
3712 128 139 2341
3719 128 133 2774
3720 128 139 2774
3721 128 128 3263
3722 128 139 3263
3725 128 139 2293
3726 128 128 2293
3727 128 139 3600
3728 128 135 3600
3729 128 139 3101
3730 128 132 3101
3731 128 139 3100
3732 128 138 3100
3741 128 137 3601
3742 128 130 3601
3743 128 139 2080
3744 128 139 2080
3745 128 128 3330
3746 128 132 3330
3747 128 139 2614
3749 128 128 3574
3750 128 128 3396
3752 128 139 3358
3754 128 136 2614
3756 128 129 3574
3757 128 139 3396
3759 128 139 3358
3811 129 129 1800
3812 129 139 1800
3814 129 138 2684
3815 129 138 2684
3818 129 132 3750
3819 129 129 3750
3826 129 133 3701
3827 129 138 3701
3830 129 129 3697
3831 129 129 3697
3832 129 139 2750
3833 129 139 2750
3836 129 130 3466
3837 129 129 3466
3845 129 139 2749
3846 129 137 2749
3849 129 139 3710
3850 129 129 3710
3857 129 139 3404
3858 129 129 3404
3873 129 129 3129
3874 129 136 3129
3875 129 139 3219
3876 129 133 3219
3879 129 139 3721
3880 129 139 3721
3883 129 130 3410
3884 129 139 3410
3885 129 139 2974
3886 129 129 2974
3891 129 132 2437
3892 129 139 2437
3895 129 132 3726
3896 129 132 3726
3897 129 129 3696
3898 129 139 3745
3899 129 136 3328
3903 129 138 3627
3904 129 136 3696
3905 129 132 3745
3906 129 139 3328
3910 129 136 3627
3958 130 139 3323
3959 130 139 3323
3960 130 134 2849
3961 130 135 2849
3962 130 139 3637
3963 130 139 3637
3972 130 130 3563
3973 130 139 3563
3980 130 136 3351
3981 130 137 3351
3982 130 139 2560
3983 130 130 2560
3984 130 135 5611
3985 130 138 5611
3986 130 136 2194
3987 130 139 2194
3989 130 139 2865
3990 130 139 2865
3995 130 130 3633
3996 130 136 3633
3999 130 131 1586
4000 130 131 1586
4001 130 131 3886
4002 130 130 3886
4007 130 139 3837
4008 130 130 3837
4023 130 139 2811
4024 130 137 2811
4030 130 135 3897
4031 130 130 3756
4032 130 139 2989
4033 130 139 3264
4036 130 137 3850
4039 130 136 3897
4040 130 133 3756
4041 130 139 2989
4042 130 139 3264
4045 130 135 3850
4091 131 131 0
4093 131 139 2615
4094 131 139 2615
4099 131 139 3467
4100 131 139 3467
4111 131 132 3709
4112 131 133 3709
4115 131 139 3995
4116 131 139 3995
4123 131 131 3591
4124 131 139 3591
4129 131 139 3983
4130 131 138 3983
4135 131 132 3036
4136 131 139 3036
4139 131 132 4031
4140 131 139 4031
4157 131 139 3210
4159 131 136 4002
4161 131 139 2405
4164 131 139 3210
4166 131 139 4002
4168 131 139 2405
4209 132 132 3193
4210 132 139 3193
4213 132 132 3352
4214 132 132 3352
4215 132 139 3644
4216 132 139 3644
4232 132 133 3218
4233 132 139 3218
4238 132 139 2914
4239 132 139 2914
4246 132 132 3999
4247 132 132 3999
4252 132 139 3595
4253 132 132 1820
4254 132 132 4123
4255 132 132 4000
4257 132 132 3595
4258 132 132 1820
4259 132 137 4123
4260 132 139 4000
4309 133 139 2978
4310 133 135 2978
4325 133 139 2442
4326 133 139 2442
4327 133 139 3480
4328 133 136 3480
4329 133 133 4111
4330 133 134 4111
4333 133 135 3818
4334 133 139 3818
4335 133 133 4214
4336 133 139 4214
4339 133 139 4258
4340 133 139 4258
4341 133 138 4247
4342 133 139 4247
4349 133 139 3031
4350 133 133 3031
4355 133 135 3896
4356 133 139 3896
4357 133 135 4253
4358 133 133 4253
4359 133 139 3344
4360 133 139 3344
4363 133 139 2125
4364 133 135 2125
4365 133 139 3746
4366 133 139 3746
4369 133 133 4254
4370 133 133 4254
4377 133 139 3730
4378 133 138 3730
4382 133 138 4135
4383 133 139 3891
4384 133 139 3257
4386 133 139 3578
4388 133 137 4135
4389 133 139 3891
4390 133 139 3257
4392 133 135 3578
4433 134 139 3640
4434 134 139 3640
4439 134 136 4040
4440 134 139 4040
4441 134 139 3577
4442 134 135 3577
4447 134 139 3826
4448 134 139 3826
4455 134 139 2902
4456 134 139 2902
4461 134 139 4232
4462 134 139 4232
4467 134 135 3428
4468 134 139 3428
4473 134 139 4369
4474 134 139 4369
4479 134 139 4350
4480 134 138 4350
4485 134 134 3024
4486 134 139 3024
4491 134 139 3876
4492 134 139 3876
4497 134 139 3365
4498 134 135 3365
4499 134 138 3370
4500 134 139 3370
4506 134 139 4370
4507 134 139 4358
4509 134 139 4370
4510 134 139 4358
4531 135 139 3960
4532 135 139 3960
4541 135 139 4330
4542 135 135 4330
4558 135 136 4485
4559 135 135 4485
4606 136 138 3635
4607 136 139 3635
4608 136 139 3481
4609 136 139 3481
4610 136 139 3107
4611 136 139 3107
4612 136 139 4559
4613 136 139 4559
4614 136 139 3316
4615 136 139 3316
4618 136 139 4030
4619 136 138 4030
4622 136 139 4542
4623 136 138 4542
4626 136 139 4392
4627 136 139 4392
4628 136 136 3961
4629 136 136 3961
4630 136 139 3576
4631 136 139 3576
4634 136 139 4498
4635 136 139 4498
4636 136 139 1804
4637 136 139 1804
4638 136 137 4357
4639 136 139 4357
4642 136 139 3223
4644 136 139 3223
4653 136 139 4355
4654 136 139 4355
4655 136 139 3984
4656 136 139 3984
4659 136 139 3619
4660 136 139 3619
4661 136 139 3643
4662 136 139 3643
4663 136 139 4364
4664 136 139 4364
4665 136 136 4467
4666 136 139 4467
4680 136 139 3131
4681 136 139 4333
4682 136 139 3380
4684 136 139 3564
4686 136 139 3594
4689 136 139 3131
4690 136 139 4333
4691 136 139 3380
4693 136 139 3564
4695 136 139 3594
4724 137 138 3899
4725 137 139 3899
4726 137 139 3260
4727 137 139 3260
4728 137 139 3910
4729 137 139 3910
4736 137 139 4039
4737 137 139 4039
4740 137 139 3980
4741 137 138 3980
4744 137 139 4159
4745 137 139 4159
4746 137 139 6223
4748 137 139 6223
4749 137 139 2629
4750 137 139 2629
4755 137 139 3584
4756 137 139 3584
4759 137 139 4328
4760 137 139 4328
4761 137 139 4558
4762 137 139 4558
4765 137 138 4629
4767 137 139 4629
4770 137 139 3754
4771 137 139 3754
4778 137 139 3904
4779 137 139 3904
4786 137 139 3874
4787 137 139 3874
4788 137 139 3996
4789 137 139 3996
4793 137 139 4665
4794 137 139 4439
4795 137 139 3986
4796 137 139 3000
4797 137 139 4628
4800 137 139 4665
4801 137 139 4439
4802 137 139 3986
4803 137 139 3000
4804 137 139 4628
4835 138 139 3641
4836 138 139 3641
4841 138 139 3741
4842 138 138 3741
4843 138 139 3342
4844 138 139 3342
4847 138 139 4036
4848 138 138 4036
4849 138 139 3981
4850 138 139 3981
4851 138 139 4388
4852 138 138 4388
4855 138 139 3499
4856 138 139 3499
4857 138 139 3517
4858 138 138 3517
4861 138 139 3846
4862 138 139 3846
4863 138 139 4024
4864 138 138 4024
4867 138 139 4259
4868 138 139 4259
4869 138 139 2883
4870 138 138 2883
4871 138 139 4638
4872 138 139 4638
4928 139 139 4606
4929 139 139 4606
4932 139 139 3815
4933 139 139 3815
4934 139 139 3985
4935 139 139 3985
4936 139 139 4741
4937 139 139 4741
4938 139 139 3261
4939 139 139 3261
4940 139 139 2966
4941 139 139 2966
4944 139 139 4864
4945 139 139 4864
4946 139 139 3903
4947 139 139 3903
4948 139 139 4870
4949 139 139 4870
4950 139 139 4382
4951 139 139 4382
4952 139 139 4852
4953 139 139 4852
4954 139 139 4724
4955 139 139 4724
4956 139 139 4341
4958 139 139 4341
4961 139 139 4858
4962 139 139 4858
4963 139 139 4842
4964 139 139 4842
4965 139 139 3827
4966 139 139 3827
4967 139 139 4378
4968 139 139 4378
4971 139 139 4499
4972 139 139 4499
4975 139 139 3732
4976 139 139 3732
4977 139 139 3393
4978 139 139 3393
4979 139 139 4480
4980 139 139 4480
4983 139 139 4130
4984 139 139 4130
4985 139 139 3035
4986 139 139 3035
4991 139 139 3571
4992 139 139 3571
4997 139 139 1799
4998 139 139 1799
5001 139 139 4765
5002 139 139 4765
5003 139 139 4619
5004 139 139 4619
5005 139 139 4848
5006 139 139 3814
5009 139 139 4623
5010 139 139 4848
5011 139 139 3814
5014 139 139 4623
5161 91 114 692
5162 91 105 692
5547 116 128 1584
5548 116 117 1584
5559 116 117 1892
5560 116 116 1892
5588 117 117 2139
5589 117 119 2139
5590 117 117 5560
5591 117 118 5560
5602 118 126 5548
5603 118 118 5548
5610 118 119 5590
5611 118 129 5590
5786 124 125 2807
5787 124 124 2807
6223 136 136 3728
6224 136 139 3728
6278 137 139 2408
6279 137 139 2408
6284 137 139 1551
6285 137 139 1551
