1 0 6 0
2 6 340 0
44 341 355 2
45 341 372 2
46 343 343 0
58 356 371 44
59 356 432 44
85 391 399 0
87 395 426 0
103 426 444 0
114 433 438 59
115 433 435 59
121 445 499 103
122 445 460 103
144 483 492 0
148 493 540 144
149 493 494 144
165 541 542 148
166 541 541 148
167 542 551 166
168 542 550 166
170 552 613 167
171 552 563 167
172 556 561 0
178 562 566 172
179 562 579 172
181 563 627 0
211 614 620 170
212 614 662 170
228 626 703 0
231 628 628 181
232 628 631 181
253 662 692 0
270 678 679 0
272 686 721 0
284 703 767 0
290 718 735 0
292 721 787 0
301 735 751 0
303 750 898 0
326 768 775 284
327 768 784 284
341 784 860 0
344 788 815 292
345 788 797 292
370 815 966 0
377 846 846 0
379 861 862 0
380 861 1054 341
381 861 1066 341
391 899 922 303
392 899 938 303
396 922 965 0
398 938 1021 0
402 943 943 0
427 966 968 396
428 966 995 396
429 967 1055 370
430 967 970 370
449 991 1004 0
457 1005 1005 449
458 1005 1063 449
468 1021 1040 0
481 1037 1038 0
485 1040 1173 0
494 1054 1065 0
496 1056 1115 429
497 1056 1056 429
498 1063 1069 0
499 1065 1078 0
500 1066 1077 494
501 1066 1074 494
502 1068 1075 0
503 1069 1094 0
504 1070 1085 0
505 1075 1090 0
513 1078 1079 500
514 1078 1197 500
515 1079 1100 0
516 1084 1110 0
517 1086 1086 504
518 1086 1086 504
520 1087 1090 517
521 1087 1096 517
525 1092 1130 0
529 1095 1130 503
530 1095 1096 503
532 1097 1100 530
533 1097 1098 530
534 1100 1146 0
537 1101 1246 532
538 1101 1233 532
543 1110 1162 0
544 1116 1120 0
545 1119 1120 0
547 1121 1153 0
548 1121 1121 0
556 1128 1128 0
558 1131 1148 525
559 1131 1148 525
576 1147 1163 534
577 1147 1147 534
578 1149 1154 558
579 1149 1150 558
583 1152 1162 0
588 1155 1155 578
589 1155 1159 578
590 1156 1157 0
593 1160 1161 589
594 1160 1168 589
596 1161 1192 0
597 1163 1208 0
598 1163 1193 583
599 1163 1163 583
604 1169 1178 594
605 1169 1175 594
608 1173 1295 0
609 1174 1188 485
610 1174 1189 485
611 1175 1177 0
612 1175 1175 0
613 1176 1177 0
614 1178 1194 611
615 1178 1194 611
616 1180 1180 0
625 1188 1231 0
627 1189 1189 0
628 1189 1216 609
629 1189 1216 609
631 1190 1190 0
632 1191 1195 0
633 1192 1240 0
637 1195 1212 614
638 1195 1212 614
642 1198 1235 514
643 1198 1211 514
650 1201 1201 0
658 1209 1242 597
659 1209 1235 597
666 1213 1214 638
671 1215 1215 0
673 1216 1225 0
674 1216 1233 0
676 1217 1217 0
677 1217 1287 0
678 1217 1223 629
679 1217 1222 629
684 1224 1255 678
685 1224 1232 678
687 1225 1253 0
688 1229 1246 0
694 1234 1245 0
695 1234 1238 674
696 1234 1234 674
698 1235 1235 696
699 1235 1244 696
702 1236 1291 642
703 1236 1346 642
704 1238 1238 0
705 1238 1242 0
706 1240 1306 0
708 1243 1243 0
709 1243 1288 0
710 1243 1244 705
711 1243 1243 705
712 1245 1262 710
713 1245 1288 710
715 1246 1300 0
716 1246 1246 0
717 1247 1247 688
723 1249 1250 0
725 1249 1250 0
727 1250 1250 0
729 1251 1262 723
730 1251 1251 0
731 1251 1255 0
737 1254 1260 687
738 1254 1269 687
742 1256 1375 684
743 1256 1257 684
750 1262 1274 0
751 1262 1262 0
753 1263 1263 751
754 1263 1273 712
755 1263 1339 751
756 1263 1273 712
763 1270 1375 738
764 1270 1375 738
765 1274 1274 754
766 1274 1277 754
767 1275 1283 750
768 1275 1275 750
774 1278 1288 766
775 1278 1315 766
776 1282 1304 0
778 1288 1315 0
780 1289 1332 713
782 1289 1295 713
784 1292 1300 702
785 1292 1300 702
786 1295 1295 0
788 1296 1375 608
789 1296 1375 608
790 1296 1296 782
791 1296 1375 782
792 1301 1315 784
793 1301 1315 784
794 1301 1314 715
795 1301 1315 715
796 1305 1305 776
797 1305 1305 776
798 1306 1306 797
799 1306 1312 797
800 1307 1326 706
801 1307 1374 706
802 1311 1311 0
803 1311 1311 0
805 1313 1329 799
806 1313 1333 799
808 1314 1314 0
814 1316 1331 795
815 1316 1322 795
816 1316 1318 793
817 1316 1321 793
818 1316 1328 775
819 1316 1319 775
824 1319 1321 0
833 1322 1329 0
834 1322 1328 824
835 1322 1327 824
836 1323 1323 815
837 1323 1366 815
839 1326 1343 0
842 1327 1328 0
843 1328 1344 0
844 1328 1363 0
850 1330 1375 833
851 1330 1375 833
855 1333 1337 0
857 1333 1333 780
858 1333 1333 780
860 1334 1352 858
861 1334 1373 858
862 1335 1346 0
866 1337 1337 0
869 1340 1369 0
872 1341 1341 0
873 1345 1354 843
874 1345 1373 843
875 1346 1347 0
876 1346 1375 0
877 1347 1347 0
878 1347 1373 703
879 1347 1356 703
880 1347 1347 862
881 1347 1349 862
884 1348 1358 880
885 1348 1349 880
892 1352 1354 0
896 1353 1375 0
900 1356 1358 0
902 1357 1375 879
903 1357 1357 879
905 1358 1360 0
906 1359 1360 0
907 1361 1363 906
908 1361 1375 906
909 1363 1365 0
910 1364 1375 844
911 1364 1375 844
915 1367 1367 0
916 1367 1368 837
917 1367 1375 837
920 1370 1375 869
921 1370 1375 869
924 1374 1374 861
925 1374 1374 861
926 1375 1375 801
927 1375 1375 801
928 1375 1375 925
929 1375 1375 925
1016 1213 1214 0
1017 1213 1214 0
1018 1215 1215 0
1019 1215 1215 0
1024 1247 1247 0
1025 1247 1247 0
1026 1248 1248 0
1027 1248 1248 0
1032 1260 1262 0
1033 1260 1262 0
1053 1352 1354 0
1054 1352 1354 0
1055 1352 1354 0
