1 0 114 0
2 0 89 0
3 0 6 0
4 0 60 0
5 0 7 0
6 0 4 0
7 0 93 0
8 0 114 0
9 0 5 0
10 0 93 0
11 0 22 0
15 5 99 6
16 5 114 6
20 7 46 3
21 7 114 3
22 8 8 0
23 8 8 5
24 8 114 5
38 12 12 0
39 14 14 0
40 16 26 0
44 29 114 0
48 32 33 0
52 47 52 20
53 47 47 20
54 48 60 53
55 48 52 53
58 51 57 0
67 56 56 0
68 56 112 0
69 57 57 0
74 61 61 0
75 61 67 54
76 61 86 54
92 68 87 75
93 68 95 75
100 70 70 0
108 72 75 0
119 75 75 0
125 76 77 119
126 76 76 119
150 84 85 0
156 86 95 0
159 87 87 76
160 87 96 76
161 88 88 0
162 88 114 159
163 88 114 159
168 90 90 0
171 90 94 2
172 90 101 2
182 94 107 0
188 94 96 0
194 95 95 0
197 96 106 93
198 96 103 93
203 97 97 0
204 97 97 0
213 99 99 0
215 99 99 0
223 102 102 0
224 102 102 172
225 102 114 172
232 103 114 0
243 108 114 0
244 108 114 182
245 108 113 182
249 110 114 0
257 113 113 0
258 113 114 68
260 113 114 68
263 114 114 257
265 114 114 257
