1 0 21 0
2 0 2 0
3 0 0 0
4 1 1 0
5 1 47 0
6 2 47 0
7 3 3 0
8 3 4 0
9 4 4 0
10 4 4 0
11 5 24 0
12 6 7 0
13 8 8 0
14 9 9 0
15 10 11 0
16 10 10 0
17 10 11 0
18 12 24 0
19 13 14 0
20 17 17 0
21 19 25 0
22 20 21 0
23 21 21 0
24 22 22 0
25 22 22 0
26 23 28 24
27 23 23 24
28 23 26 0
29 24 24 0
30 24 25 0
31 25 25 11
32 25 26 11
33 26 43 0
34 27 27 32
35 27 30 32
36 27 33 0
37 27 27 0
38 29 47 26
39 29 42 26
40 31 32 0
41 33 47 40
42 33 33 40
43 34 34 0
44 36 37 0
45 36 36 0
46 39 47 0
47 40 43 0
48 42 42 0
49 42 43 0
50 43 43 39
51 43 43 39
52 44 45 0
53 44 47 0
54 44 44 0
55 45 46 0
56 46 46 52
57 46 46 52
58 47 47 0
59 47 47 0
60 47 47 0
