1 0 5 0
2 0 11 0
3 9 23 0
4 9 40 0
5 13 25 2
6 13 63 2
7 24 40 3
8 24 40 3
9 26 33 0
10 26 47 5
11 26 49 5
15 34 42 0
16 38 40 0
17 41 51 16
18 41 60 16
19 41 89 4
20 41 60 4
21 41 60 7
22 41 89 7
23 41 88 8
24 41 61 8
25 46 46 0
26 48 71 10
27 48 70 10
28 50 52 0
29 50 75 11
30 50 92 11
31 56 60 0
32 59 59 0
33 60 122 0
34 61 87 0
35 61 87 20
36 61 126 20
37 61 89 18
38 61 88 21
39 61 87 31
40 61 88 18
41 61 122 21
42 61 87 31
43 62 89 0
44 62 89 0
45 62 111 24
46 62 89 24
47 64 102 6
48 64 91 6
52 71 124 27
53 71 95 27
54 72 104 26
55 72 101 26
56 76 78 29
57 76 90 29
63 84 91 0
64 85 93 0
70 88 120 0
71 88 123 35
72 88 119 35
73 88 124 42
74 88 120 42
75 88 122 34
76 88 121 39
77 88 121 34
78 88 119 39
79 89 119 40
80 89 122 40
81 89 124 23
82 89 125 23
83 89 106 38
84 89 119 38
85 90 121 0
86 90 122 43
88 90 110 43
89 90 125 44
90 90 123 44
91 90 130 46
92 90 135 46
93 90 126 19
94 90 125 19
95 90 123 37
96 90 97 37
97 90 94 22
98 90 126 22
99 91 91 0
100 91 126 57
101 91 91 57
102 92 92 101
103 92 92 101
105 93 111 0
106 93 134 30
107 93 93 102
108 93 93 30
109 93 110 102
111 95 123 0
112 96 102 0
113 96 154 53
114 96 126 53
117 98 98 0
120 99 101 0
124 102 103 0
125 102 117 0
126 102 106 120
127 102 147 55
128 102 120 120
129 102 136 55
131 103 103 0
132 103 119 0
133 103 115 112
134 103 122 112
135 103 164 47
136 103 164 47
141 105 123 54
142 105 140 54
145 107 162 83
146 107 171 83
160 110 136 0
163 111 124 88
164 111 111 88
171 112 126 105
172 112 121 105
176 115 117 0
179 117 123 0
180 118 135 125
181 118 162 125
183 120 181 72
184 120 163 72
185 120 163 79
186 120 135 79
187 120 138 84
188 120 138 84
189 120 156 78
190 120 123 78
196 121 121 132
197 121 146 132
198 121 169 70
199 121 132 70
200 121 145 128
201 121 168 128
204 121 125 74
205 121 163 74
208 122 124 85
209 122 149 85
210 122 164 77
211 122 171 77
212 122 125 172
213 122 138 172
217 122 138 76
221 122 135 76
227 123 168 41
228 123 161 41
229 123 153 75
230 123 161 80
231 123 189 86
232 123 155 33
233 123 126 75
234 123 162 80
235 123 161 86
236 123 162 33
239 124 165 90
240 124 145 90
243 124 159 71
244 124 126 71
245 124 141 190
246 124 165 190
247 124 126 95
249 124 129 95
250 124 129 111
251 124 153 111
255 125 144 73
256 125 138 73
257 125 180 208
258 125 125 208
259 125 165 81
260 125 129 81
261 125 131 163
262 125 167 163
266 126 154 258
267 126 189 258
268 126 155 94
269 126 167 94
270 126 127 212
271 126 159 212
274 126 137 82
275 126 147 89
276 126 171 82
277 126 165 89
280 127 132 0
281 127 165 233
282 127 161 233
283 127 171 98
284 127 144 98
285 127 189 36
286 127 166 36
287 127 170 93
288 127 173 93
289 127 172 171
290 127 171 171
297 127 153 100
298 127 171 247
299 127 130 100
300 127 142 247
302 128 134 0
305 129 139 0
315 130 135 250
316 130 160 250
322 131 161 91
323 131 166 91
332 133 145 0
333 133 160 199
334 133 133 199
337 134 135 334
338 134 136 334
340 135 153 0
341 135 137 106
342 135 137 106
343 135 154 302
344 135 135 302
348 136 172 315
349 136 147 315
350 136 138 221
351 136 138 221
352 136 189 92
353 136 144 337
354 136 159 92
355 136 168 337
361 137 143 160
362 137 150 160
363 137 174 129
364 137 183 129
367 138 171 341
368 138 162 341
369 138 153 274
370 138 161 274
378 139 148 351
379 139 185 351
380 139 146 188
381 139 156 188
382 139 144 350
383 139 147 350
384 139 149 217
385 139 165 217
387 140 154 305
388 140 148 305
396 141 142 142
397 141 180 142
400 142 165 245
401 142 142 245
407 143 165 396
408 143 147 396
411 144 149 361
412 144 189 361
417 145 168 284
418 145 152 284
419 145 145 353
420 145 161 353
424 146 175 0
425 146 146 240
426 146 154 240
431 147 149 380
432 147 147 380
445 147 175 197
446 147 171 197
452 148 155 275
453 148 148 275
454 148 149 383
455 148 148 383
456 148 162 408
457 148 161 408
463 149 176 0
466 149 185 378
467 149 170 455
468 149 149 378
469 149 154 455
480 150 170 411
481 150 156 411
482 150 168 468
483 150 154 468
484 150 155 431
485 150 161 431
492 151 166 362
493 151 151 362
519 154 156 369
520 154 156 369
521 154 163 251
522 154 154 251
531 155 168 0
532 155 184 0
533 155 155 343
534 155 174 343
536 155 162 266
537 155 162 266
539 155 166 387
540 155 166 387
541 155 189 469
542 155 155 469
543 155 158 113
544 155 160 483
545 155 173 113
546 155 168 483
551 156 168 232
552 156 168 232
557 156 166 484
558 156 170 542
559 156 172 484
560 156 156 542
569 157 159 519
570 157 159 519
573 157 166 560
574 157 176 560
590 159 175 543
591 159 160 543
603 160 166 569
604 160 167 569
607 160 169 354
608 160 162 354
615 161 171 544
616 161 180 333
617 161 183 316
618 161 162 591
619 161 189 544
620 161 171 333
621 161 176 316
622 161 162 591
629 162 163 230
630 162 186 230
631 162 165 457
632 162 173 457
635 162 171 282
636 162 189 282
637 162 177 322
638 162 164 322
639 162 189 420
640 162 178 420
641 162 183 485
642 162 166 485
643 162 163 235
644 162 168 235
651 163 180 536
652 163 165 536
655 163 183 236
656 163 168 236
657 163 165 456
658 163 165 456
659 163 165 145
660 163 176 145
663 163 168 234
664 163 189 234
665 163 171 622
666 163 165 622
667 163 172 368
669 163 171 608
670 163 163 368
672 163 178 608
677 164 168 205
678 164 165 205
681 164 173 521
682 164 171 521
691 164 189 185
692 164 189 643
693 164 166 184
694 164 176 185
695 164 168 643
696 164 189 184
705 165 189 638
706 165 165 638
707 165 178 210
708 165 165 210
711 165 165 135
712 165 189 135
713 165 166 136
714 165 170 136
723 166 168 239
724 166 189 239
729 166 189 708
730 166 174 708
731 166 188 246
732 166 180 246
733 166 177 659
734 166 189 659
737 166 171 678
738 166 168 678
739 166 166 706
740 166 169 706
741 166 168 657
742 166 174 657
743 166 169 385
744 166 171 385
745 166 174 666
746 166 168 666
749 166 172 407
750 166 172 407
752 166 177 652
754 166 187 711
755 166 187 259
757 166 180 652
759 166 189 711
760 166 188 259
772 167 189 603
773 167 168 603
776 167 189 573
777 167 189 573
778 167 183 642
779 167 175 642
780 167 179 286
781 167 189 286
782 167 183 739
783 167 171 739
784 167 181 693
785 167 168 693
786 167 189 539
787 167 171 539
793 168 189 604
794 168 176 604
799 168 173 262
800 168 189 262
801 168 180 269
802 168 176 269
814 169 183 656
815 169 172 656
816 169 169 644
817 169 171 644
818 169 171 785
819 169 189 785
820 169 185 531
821 169 171 531
822 169 183 482
823 169 189 482
828 169 189 663
829 169 189 663
832 169 184 746
833 169 180 746
836 169 175 417
837 169 176 417
839 169 174 738
840 169 171 738
841 169 189 355
842 169 189 227
843 169 177 677
844 169 171 723
845 169 169 355
846 169 177 227
847 169 189 677
848 169 173 723
853 170 174 816
854 170 180 816
855 170 189 607
856 170 189 607
859 170 174 740
860 170 189 740
861 170 189 743
862 170 182 743
872 171 188 467
873 171 171 467
874 171 189 558
875 171 180 558
878 171 180 480
879 171 189 480
882 171 189 287
883 171 189 287
910 172 174 635
911 172 180 635
912 172 189 276
913 172 189 276
914 172 174 817
915 172 189 817
918 172 174 818
919 172 177 818
922 172 174 367
923 172 180 367
924 172 178 783
925 172 172 783
926 172 180 744
927 172 189 744
928 172 189 620
929 172 189 620
930 172 189 446
931 172 175 446
932 172 172 665
933 172 174 665
934 172 177 615
935 172 189 615
938 172 189 682
939 172 172 682
948 172 188 840
949 172 177 840
950 172 172 844
951 172 174 844
959 173 179 750
960 173 173 750
961 173 189 950
962 173 177 950
963 173 189 667
964 173 175 667
967 173 189 925
968 173 174 925
972 173 189 932
973 173 189 932
976 173 173 815
977 173 174 815
978 173 174 939
979 173 189 939
984 173 189 348
985 173 180 749
986 173 176 559
987 173 174 348
988 173 189 749
989 173 182 559
1002 174 174 960
1003 174 175 960
1006 174 189 288
1007 174 189 288
1010 174 174 848
1011 174 180 848
1030 175 189 853
1031 175 175 853
1038 175 189 968
1039 175 182 968
1052 175 189 978
1053 175 189 978
1054 175 183 977
1055 175 175 977
1056 175 189 745
1057 175 189 745
1060 175 189 730
1061 175 186 730
1062 175 175 534
1063 175 189 1002
1064 175 175 534
1065 175 180 1002
1081 176 189 1003
1082 176 183 1003
1088 176 189 1031
1089 176 183 1031
1092 176 189 445
1093 176 189 445
1094 176 176 964
1095 176 176 779
1096 176 189 1062
1097 176 189 1064
1098 176 189 964
1099 176 189 779
1100 176 189 1062
1101 176 177 1064
1109 177 189 660
1115 177 189 694
1117 177 177 694
1120 177 189 574
1121 177 177 574
1124 177 181 621
1125 177 183 621
1128 177 186 837
1129 177 177 837
1134 177 180 463
1135 177 180 463
1139 177 184 1094
1141 177 180 1094
1157 178 189 637
1158 178 184 637
1161 178 189 843
1162 178 179 843
1163 178 186 919
1164 178 189 919
1169 178 189 934
1170 178 178 934
1171 178 183 949
1172 178 189 949
1179 178 183 752
1180 178 189 752
1194 179 189 672
1195 179 189 672
1196 179 189 1170
1197 179 189 1170
1206 179 181 924
1207 179 189 924
1208 179 179 707
1209 179 180 707
1218 180 189 1162
1219 180 187 1162
1220 180 182 959
1221 180 183 959
1224 180 189 780
1225 180 189 780
1257 181 189 854
1258 181 183 854
1259 181 189 911
1260 181 189 911
1261 181 183 1011
1262 181 183 1011
1267 181 189 875
1268 181 189 875
1269 181 189 616
1270 181 183 616
1273 181 181 257
1274 181 183 1141
1276 181 183 732
1277 181 184 985
1278 181 183 257
1279 181 189 1141
1281 181 189 732
1282 181 189 985
1296 182 189 183
1297 182 189 183
1304 182 182 1206
1305 182 189 1206
1310 182 189 1273
1311 182 189 1273
1333 183 189 1304
1334 183 189 1304
1337 183 183 989
1338 183 183 989
1353 184 186 1261
1354 184 186 1261
1359 184 186 1179
1360 184 189 1179
1365 184 185 814
1366 184 186 814
1367 184 189 1221
1368 184 189 1221
1369 184 189 655
1370 184 187 655
1371 184 189 1270
1372 184 189 1270
1375 184 189 778
1376 184 189 778
1379 184 189 1337
1380 184 189 1337
1381 184 189 1276
1382 184 189 1276
1383 184 189 1262
1384 184 189 617
1385 184 189 1171
1386 184 189 1338
1388 184 189 1262
1389 184 185 617
1390 184 189 1171
1391 184 186 1338
1403 185 189 1158
1404 185 189 1158
1407 185 186 1277
1408 185 189 1277
1417 185 189 832
1418 185 189 532
1419 185 189 832
1420 185 189 532
1439 186 186 1365
1440 186 189 1365
1441 186 189 379
1442 186 187 379
1447 186 189 466
1448 186 189 466
1455 186 189 1389
1456 186 189 1389
1459 186 189 820
1460 186 189 820
1478 187 189 0
1481 187 189 1353
1482 187 189 1353
1487 187 189 1391
1488 187 189 1391
1489 187 189 1163
1490 187 189 1163
1491 187 187 1061
1492 187 189 1061
1493 187 189 1439
1494 187 189 1439
1497 187 189 1366
1498 187 189 1366
1499 187 189 1407
1500 187 188 1407
1505 187 189 1359
1506 187 189 1359
1511 187 189 630
1512 187 189 1354
1516 187 189 630
1517 187 189 1354
1529 188 189 754
1531 188 189 754
1534 188 189 1370
1535 188 189 1370
1538 188 189 1491
1539 188 189 1491
1540 188 189 1442
1541 188 189 1442
1542 188 189 1219
1543 188 189 1219
1550 188 189 755
1551 188 189 755
1571 189 189 1500
1572 189 189 1500
1573 189 189 872
1574 189 189 872
1575 189 189 760
1576 189 189 760
1577 189 189 948
1578 189 189 948
1579 189 189 731
1580 189 189 731
1929 186 189 0
1930 186 189 0
1984 187 189 1128
1985 187 189 1128
