1 0 36 0
2 0 5 0
3 0 22 0
4 0 1 0
5 0 76 0
6 0 32 0
7 0 5 0
8 0 3 0
9 0 91 0
10 0 91 0
11 0 8 0
12 0 37 0
13 0 54 0
14 0 91 0
15 0 4 0
16 0 46 0
17 0 12 0
18 0 9 0
19 0 25 0
20 0 27 0
21 0 5 0
22 0 15 0
23 0 10 0
24 0 28 0
25 0 91 0
26 0 91 0
27 0 10 0
28 0 36 0
29 0 22 0
30 0 91 0
31 0 23 0
32 0 51 0
33 0 20 0
34 0 91 0
35 0 22 0
36 0 13 0
37 0 25 0
38 0 10 0
39 0 23 0
40 0 91 0
41 0 50 0
42 0 91 0
43 0 9 0
44 0 9 0
45 0 91 0
46 0 45 0
47 0 83 0
48 0 32 0
49 0 16 0
50 0 37 0
51 0 42 0
52 0 56 0
53 0 20 0
54 0 91 0
55 0 42 0
56 0 91 0
57 0 67 0
58 0 91 0
59 0 20 0
60 0 73 0
61 0 61 0
62 0 15 0
63 0 91 0
64 0 3 0
65 0 26 0
66 0 6 0
67 0 1 0
68 0 48 0
69 2 91 0
70 2 8 4
71 2 36 67
72 2 49 4
73 2 39 67
74 3 4 0
75 4 91 8
76 4 40 64
77 4 91 8
78 4 91 64
79 5 54 15
80 5 54 15
81 6 62 7
82 6 66 21
83 6 53 7
84 6 54 21
85 7 31 0
86 7 17 0
87 8 8 0
88 8 56 0
89 10 23 0
90 10 91 18
91 10 57 43
92 10 59 44
93 10 56 18
94 10 54 43
95 10 70 44
96 11 91 23
97 11 91 27
98 11 91 38
99 11 91 23
100 11 91 27
101 11 91 38
102 12 12 0
103 13 13 0
104 13 46 0
105 14 56 0
106 14 91 36
107 14 65 36
108 15 27 0
109 16 33 0
110 16 18 0
111 16 71 22
112 16 54 62
113 16 91 22
114 16 64 62
115 17 17 0
116 17 61 0
117 17 60 0
118 17 49 49
119 17 47 49
120 18 91 0
121 19 20 0
122 19 70 0
123 21 21 0
124 21 91 59
125 21 91 59
126 21 91 33
127 21 70 53
128 21 34 121
129 21 91 33
130 21 77 53
131 21 91 121
132 22 23 0
133 22 91 0
134 23 28 0
135 23 35 0
136 23 27 0
137 23 91 3
138 23 91 29
139 23 65 3
140 23 91 29
141 24 30 0
142 24 91 31
143 24 91 39
144 24 72 31
145 24 91 39
146 25 91 0
147 26 91 0
148 26 42 0
149 26 91 0
150 26 91 19
151 26 91 37
152 26 79 19
153 26 91 37
154 27 75 65
155 27 73 65
156 28 91 0
157 28 86 0
158 28 91 20
159 28 88 20
160 29 30 0
161 30 91 0
162 30 91 0
163 31 91 0
164 31 44 0
165 31 31 0
166 32 91 85
167 32 73 85
168 33 91 0
169 33 88 6
170 33 91 48
171 33 91 6
172 33 91 48
173 34 91 0
174 34 37 0
175 35 37 0
176 35 80 128
177 35 91 128
178 37 74 1
179 37 91 1
180 37 91 28
181 37 91 71
182 37 91 28
183 37 91 71
184 38 91 12
185 38 76 50
186 38 91 12
187 38 91 50
188 39 39 0
189 39 39 0
190 40 91 73
191 40 91 73
192 41 41 0
193 41 52 0
194 41 91 0
195 41 82 0
196 41 91 76
197 41 91 76
198 42 46 0
199 42 91 0
200 43 56 0
201 43 91 0
202 43 91 0
203 43 91 51
204 43 91 55
205 43 86 51
206 43 91 55
207 44 44 0
208 44 91 0
209 44 90 0
210 45 91 0
211 45 91 0
212 45 91 164
213 45 91 164
214 46 91 46
215 46 91 46
216 47 91 16
217 47 91 16
218 48 91 119
219 48 91 119
220 49 49 0
221 49 91 68
222 49 91 68
223 50 91 0
224 50 91 72
225 50 91 118
226 50 91 72
227 50 91 118
228 51 91 0
229 51 91 41
230 51 91 41
231 52 53 0
232 52 91 32
233 52 91 32
234 53 91 0
235 53 91 0
236 53 91 193
237 53 91 193
238 54 61 0
239 54 91 0
240 54 91 0
241 54 91 83
242 54 91 83
243 55 91 0
244 55 63 0
245 55 91 0
246 55 91 13
247 55 91 80
248 55 91 79
249 55 91 84
250 55 58 94
251 55 91 112
252 55 57 231
253 55 91 13
254 55 91 80
255 55 91 79
256 55 91 84
257 55 58 94
258 55 62 112
259 55 90 231
260 56 89 0
261 57 91 0
262 57 91 0
263 57 91 105
264 57 91 105
265 57 91 93
266 57 91 200
267 57 91 52
268 57 91 93
269 57 91 200
270 57 91 52
272 58 91 0
273 58 91 91
274 58 91 91
275 59 91 0
276 59 91 0
277 59 91 250
278 59 91 250
279 60 60 0
280 60 91 0
281 60 91 92
282 60 91 92
283 61 91 0
284 61 91 0
287 61 91 117
288 61 91 117
290 62 91 238
291 62 91 116
292 62 91 61
293 62 91 238
294 62 91 116
295 62 67 61
296 63 91 81
297 63 91 81
298 64 91 0
299 64 91 0
300 64 91 0
301 64 91 244
302 64 91 244
303 65 65 0
304 65 91 114
305 65 91 114
306 66 91 139
307 66 91 107
308 66 91 139
309 66 91 107
310 67 91 0
311 67 91 82
312 67 91 82
313 68 91 57
314 68 91 57
315 70 91 0
316 71 91 95
317 71 91 127
318 71 91 95
319 71 91 127
320 72 73 0
321 72 91 0
322 72 91 111
323 72 91 111
324 73 81 0
325 73 91 0
326 73 91 144
327 73 91 144
328 74 90 0
329 74 91 0
332 74 91 60
333 74 91 167
334 74 91 155
335 74 91 60
336 74 91 167
337 74 91 155
339 75 91 0
340 75 82 0
341 76 91 154
342 76 91 154
343 77 90 0
344 77 91 0
345 77 91 0
346 77 91 5
347 77 91 185
349 77 91 5
350 77 91 185
352 78 91 0
353 78 91 130
354 78 91 130
355 79 91 0
356 79 80 0
357 79 91 0
358 80 91 0
359 80 91 0
360 80 91 152
361 80 91 152
362 81 81 0
363 81 91 0
364 81 91 176
365 81 91 176
366 82 91 0
367 82 91 0
368 82 91 0
369 83 91 0
370 83 88 195
371 83 91 195
372 84 91 47
373 84 91 47
374 85 91 0
375 86 91 0
376 86 91 0
377 87 91 0
378 87 91 205
379 87 87 157
380 87 91 205
381 87 87 157
382 88 88 0
383 88 91 379
384 88 91 379
385 89 91 169
386 89 91 169
387 89 91 370
388 89 90 370
389 89 91 159
390 89 91 159
391 90 91 260
392 90 91 260
393 91 91 0
394 91 91 209
395 91 91 209
396 91 91 328
397 91 91 328
