1 0 2 0
2 0 31 0
3 0 2 0
4 0 14 0
5 0 0 0
6 0 15 0
7 0 62 0
8 0 3 0
9 0 4 0
10 0 105 0
11 0 28 0
12 2 3 0
13 3 8 1
14 3 7 1
15 4 35 8
16 4 16 8
17 5 7 9
18 5 11 9
19 5 8 0
20 9 17 13
21 9 13 13
22 12 13 18
23 12 12 18
24 12 12 0
25 14 17 22
26 14 15 22
27 15 15 0
28 16 18 6
29 16 19 6
30 17 67 16
31 17 17 16
32 18 29 20
33 18 28 20
34 18 20 25
35 18 19 25
36 20 20 29
37 20 58 29
38 21 23 34
39 21 22 34
40 22 59 0
41 24 24 38
42 24 30 38
43 25 30 41
44 25 32 41
45 29 29 0
46 30 39 32
47 30 38 32
48 30 31 0
49 31 31 0
50 32 67 49
51 32 49 49
52 32 33 0
53 33 49 44
54 33 34 44
55 34 34 52
56 34 74 52
57 36 36 0
58 37 87 57
59 37 66 57
60 39 40 0
61 40 42 46
62 40 41 46
63 43 67 61
64 43 96 61
65 46 47 0
66 50 51 0
67 52 54 66
68 52 55 66
69 56 92 68
70 56 91 68
71 59 59 0
72 62 67 0
73 62 62 0
74 63 64 7
75 63 66 7
76 65 65 74
77 65 70 74
78 67 70 59
79 67 71 59
80 68 68 30
81 68 71 30
82 69 81 80
83 69 84 80
84 72 73 81
85 72 72 81
86 72 72 79
87 72 73 79
88 73 73 85
89 73 74 85
90 73 73 86
91 73 73 86
92 73 73 0
93 74 74 0
94 74 76 0
95 75 81 93
96 75 75 93
97 75 76 93
98 75 76 0
99 77 77 97
100 77 78 97
101 77 78 98
102 77 77 98
103 77 77 0
104 79 95 100
105 79 81 100
106 82 89 82
107 82 95 82
108 82 90 105
109 82 89 105
110 84 91 0
111 87 89 0
112 90 96 106
113 90 90 106
114 91 92 108
115 91 91 108
116 92 95 115
117 92 94 115
118 93 95 69
119 93 114 69
120 93 93 0
121 93 109 0
122 95 95 0
123 96 98 116
124 96 97 116
125 97 102 112
126 97 101 112
127 97 100 0
128 98 98 0
129 99 102 123
130 99 99 123
131 100 103 130
132 100 103 130
133 102 102 0
134 103 103 129
135 103 104 129
136 103 103 129
137 103 104 125
138 103 106 125
139 104 105 0
140 105 106 137
141 105 107 137
142 105 105 137
143 106 106 139
144 106 111 139
145 107 114 138
146 107 114 138
147 107 107 143
148 107 113 143
149 109 114 0
150 109 109 0
151 109 109 0
152 110 112 151
153 110 111 151
154 110 110 0
155 114 114 148
156 114 114 148
