1 0 48 0
2 0 45 0
3 0 39 0
4 0 34 0
5 0 38 0
6 0 6 0
7 0 52 0
8 0 11 0
9 0 25 0
10 0 28 0
11 0 10 0
12 0 13 0
13 0 9 0
14 0 10 0
15 0 8 0
16 0 10 0
17 0 45 0
18 0 54 0
19 0 28 0
20 0 29 0
21 0 60 0
22 0 53 0
23 0 41 0
24 0 46 0
25 0 51 0
26 0 20 0
27 0 18 0
28 0 33 0
29 0 46 0
30 0 44 0
31 7 60 6
32 7 60 6
33 9 45 15
34 9 64 15
35 10 63 13
36 10 57 13
37 11 48 11
38 11 66 11
39 11 58 14
40 11 66 16
41 11 69 14
42 11 66 16
43 12 61 8
44 12 66 8
45 14 69 12
46 14 69 12
47 19 93 27
48 19 74 27
49 21 75 26
50 21 29 26
51 26 76 9
52 26 39 9
53 29 84 10
54 29 76 19
55 29 87 10
56 29 76 19
57 30 93 20
58 30 84 20
59 34 68 28
60 34 54 28
61 35 51 4
62 35 69 4
63 38 38 0
64 39 66 0
65 39 93 5
66 39 90 5
67 42 101 23
68 42 99 23
69 45 85 30
70 45 51 30
71 46 69 2
72 46 81 17
73 46 55 2
74 46 58 17
75 47 87 24
76 47 69 29
77 47 102 24
78 47 109 29
79 49 105 1
80 49 53 1
81 52 55 0
82 52 67 25
83 52 93 25
84 53 109 7
85 53 85 7
86 54 109 22
87 54 107 22
88 55 109 18
89 55 104 18
90 58 109 36
91 58 109 36
92 59 109 39
93 59 109 39
94 61 109 32
95 61 93 32
96 61 109 31
97 61 109 31
98 62 109 43
99 62 109 43
100 64 109 35
101 64 109 35
102 65 108 34
103 65 109 34
104 67 71 0
105 67 109 44
106 67 109 44
107 67 109 38
108 67 109 40
109 67 109 42
110 67 109 38
111 67 109 40
112 67 109 42
113 70 70 0
114 70 70 0
115 70 109 46
116 70 109 46
117 70 109 45
118 70 109 41
119 70 109 45
120 70 109 41
121 73 75 0
122 75 102 0
123 75 109 48
124 75 109 48
125 76 76 0
126 76 78 49
127 76 87 49
128 77 109 54
129 77 109 54
130 77 81 51
131 77 95 51
132 78 84 0
133 79 79 0
134 79 80 0
136 81 81 0
140 82 103 0
143 85 96 0
144 85 95 0
145 85 109 58
146 85 109 58
147 85 109 53
148 85 109 53
149 88 88 0
150 88 109 55
151 88 109 55
152 94 96 0
153 94 96 0
154 94 109 57
155 94 109 57
156 94 109 65
157 94 109 65
158 96 105 144
159 96 109 144
160 97 97 0
161 100 109 68
162 100 109 68
163 102 109 67
164 102 109 67
165 103 103 0
166 104 104 0
167 104 109 140
168 104 109 140
169 105 105 0
170 108 109 87
171 108 109 87
