1 0 17 0
2 0 38 0
3 18 40 1
4 18 40 1
5 39 81 2
6 39 81 2
7 41 112 3
8 41 491 3
12 82 291 5
13 82 612 5
15 88 93 0
18 113 113 7
19 113 343 7
20 225 291 0
25 261 721 0
28 292 349 12
29 292 349 12
30 344 344 19
31 344 625 19
32 345 611 30
33 345 659 30
34 350 504 29
35 350 699 29
36 398 398 0
37 492 704 8
38 492 707 8
39 502 772 0
40 505 529 34
41 505 985 34
45 530 688 40
46 530 688 40
50 612 674 32
51 612 612 32
52 613 721 13
53 613 749 13
54 626 763 31
55 626 710 31
56 660 697 33
57 660 821 33
58 675 1065 50
59 675 763 50
60 689 768 45
61 689 790 45
62 698 713 56
63 698 709 56
65 705 899 37
66 705 913 37
67 708 772 38
68 708 903 38
69 711 741 55
70 711 741 55
72 714 769 62
73 714 778 62
78 722 741 25
79 722 736 25
82 742 801 70
83 742 906 70
84 742 932 78
85 742 742 78
89 743 925 85
90 743 1113 85
91 750 857 53
92 750 952 53
94 764 881 54
95 764 865 54
96 769 987 60
97 769 1104 60
99 773 1091 39
100 773 977 39
101 779 809 73
102 779 1024 73
103 791 1017 61
104 791 1003 61
105 802 853 82
106 802 802 82
107 810 810 101
108 810 1039 101
112 822 1055 57
113 822 1381 57
114 854 1763 105
115 854 1027 105
116 858 916 91
117 858 916 91
121 866 969 95
122 866 1091 95
123 882 925 94
124 882 899 94
125 900 927 65
126 900 969 65
127 900 900 124
128 900 1160 124
129 903 928 0
130 904 978 68
131 904 1295 68
132 907 1333 83
133 907 907 83
134 914 1077 66
135 914 1110 66
137 917 935 116
138 917 1103 116
139 926 1079 89
140 926 1074 89
141 928 1168 125
142 928 1109 125
144 933 1027 84
145 933 1121 84
148 936 1021 137
149 936 1117 137
150 953 975 92
151 953 975 92
152 970 1091 121
153 970 1083 121
154 976 1072 150
155 976 1191 150
156 977 1097 0
157 978 1105 100
158 978 1021 100
160 986 1104 41
161 986 1126 41
163 988 1201 96
164 988 1170 96
165 1004 1213 104
166 1004 1200 104
167 1018 1266 103
168 1018 1091 103
171 1022 1163 158
172 1022 1186 158
173 1025 1482 102
174 1025 1353 102
176 1028 1136 144
177 1028 1071 144
178 1040 1072 108
179 1040 1072 108
180 1056 1230 112
181 1056 1274 112
182 1066 1492 58
183 1066 1116 58
186 1072 1266 0
187 1072 1294 177
188 1072 1170 177
189 1073 1208 179
190 1073 1250 178
191 1073 1293 179
192 1073 1459 178
193 1078 1146 134
194 1078 1116 134
196 1080 1316 139
197 1080 1163 139
198 1084 1196 153
199 1084 1306 153
201 1092 1301 152
202 1092 1202 99
203 1092 1094 122
204 1092 1443 168
205 1092 1180 152
206 1092 1281 99
207 1092 1168 122
208 1092 1276 168
209 1094 1187 0
210 1095 1320 203
211 1095 1198 203
214 1098 1316 156
215 1098 1180 156
216 1104 1283 138
217 1104 1293 138
218 1105 1126 97
219 1105 1230 97
220 1106 1287 157
221 1106 1191 157
222 1110 1295 142
223 1110 1305 142
224 1111 1343 135
225 1111 1539 135
226 1114 1339 90
227 1114 1281 90
228 1117 1377 183
229 1117 1128 183
230 1118 1345 149
231 1118 1335 149
232 1122 1126 145
233 1122 1328 145
234 1127 1279 232
235 1127 1136 218
236 1127 1195 232
237 1127 1450 218
238 1129 1196 229
239 1129 1440 229
241 1137 1279 235
242 1137 1305 235
243 1147 1147 193
244 1147 1580 193
245 1153 1153 0
249 1161 1260 128
250 1161 1413 128
252 1164 1279 197
253 1164 1308 197
255 1169 1169 0
256 1169 1333 207
257 1169 1292 207
258 1171 1230 164
259 1171 1230 164
261 1181 1311 205
262 1181 1306 205
263 1187 1487 172
264 1187 1330 172
265 1188 1270 209
266 1188 1222 209
267 1192 1260 155
268 1192 1561 155
269 1192 1309 221
270 1192 1303 221
271 1196 1260 236
272 1196 1198 236
274 1197 1338 198
275 1197 1303 198
277 1199 1537 272
278 1199 1248 272
279 1201 1675 166
280 1201 1229 166
284 1203 1260 202
285 1203 1231 202
286 1209 1248 189
287 1209 1231 189
288 1214 1235 165
289 1214 1274 165
291 1223 1318 266
292 1223 1278 266
294 1230 1345 280
295 1230 1298 280
296 1231 1248 259
297 1231 1270 180
298 1231 1243 259
299 1231 1275 180
300 1232 1269 287
301 1232 1340 287
302 1236 1273 288
303 1236 1421 288
305 1244 1322 298
306 1244 1450 298
307 1249 1295 296
308 1249 1295 296
309 1249 1293 286
310 1249 1500 286
312 1251 1306 190
313 1251 1306 190
318 1261 1393 271
319 1261 1440 267
320 1261 1273 271
321 1261 1333 267
322 1267 1301 167
323 1267 1294 167
325 1271 1287 265
326 1271 1287 265
329 1274 1274 0
331 1274 1465 302
333 1274 1407 302
334 1275 1345 181
335 1275 1466 181
336 1276 1379 299
337 1276 1323 299
338 1277 1313 208
339 1277 1537 208
341 1279 1390 0
343 1280 1407 241
344 1280 1336 234
345 1280 1323 241
346 1280 1284 234
347 1282 1746 206
348 1282 1350 206
349 1284 1284 216
350 1284 1292 216
355 1288 1303 325
356 1288 1306 220
357 1288 1306 325
358 1288 1423 220
360 1293 1359 257
361 1293 1536 350
362 1293 1299 257
363 1293 1296 350
365 1294 1398 191
366 1294 1299 309
367 1294 1506 191
368 1294 1326 309
369 1295 1398 323
370 1295 1742 323
373 1296 1461 131
374 1296 1420 307
375 1296 1328 131
376 1296 1305 307
377 1297 1340 363
378 1297 1334 363
380 1299 1541 295
382 1299 1523 295
383 1300 1310 362
384 1300 1308 366
385 1300 1303 362
386 1300 1387 366
387 1302 1306 201
388 1302 1644 201
389 1302 1615 322
390 1302 1745 322
391 1304 1306 275
392 1304 1306 385
393 1304 1506 275
394 1304 1465 385
397 1306 1307 223
398 1306 1310 376
399 1306 1503 242
401 1306 1412 223
402 1306 1328 376
403 1306 1607 242
405 1307 1446 387
406 1307 1338 391
407 1307 1503 199
408 1307 1359 357
409 1307 1327 392
410 1307 1448 387
411 1307 1346 391
412 1307 1527 199
413 1307 1357 357
414 1307 1411 392
415 1308 1588 397
416 1308 1517 397
417 1309 1360 0
418 1309 1351 253
419 1309 1610 253
421 1310 1351 269
422 1310 1333 269
425 1311 1331 398
427 1311 1336 398
428 1312 1524 261
429 1312 1503 261
432 1314 1498 338
433 1314 1419 338
436 1317 1326 214
437 1317 1397 214
438 1317 1632 196
439 1317 1342 196
440 1319 1354 0
441 1321 1371 210
442 1321 1713 210
448 1323 1345 305
449 1323 1399 305
451 1324 1371 345
452 1324 1339 337
453 1324 1560 345
454 1324 1329 337
455 1327 1365 436
457 1327 1523 368
458 1327 1365 436
460 1327 1505 368
464 1329 1446 375
465 1329 1447 375
466 1329 1475 402
467 1329 1482 402
468 1330 1339 454
469 1330 1379 454
470 1331 1420 264
471 1331 1380 264
473 1332 1515 425
474 1332 1522 425
476 1334 1397 256
477 1334 1506 256
478 1334 1763 422
479 1334 1446 321
480 1334 1519 422
481 1334 1610 321
482 1335 1763 378
483 1335 1422 378
484 1336 1345 0
485 1336 1383 231
486 1336 1363 231
488 1337 1537 344
489 1337 1614 427
490 1337 1387 344
491 1337 1524 427
496 1339 1390 406
497 1339 1415 406
498 1340 1362 226
499 1340 1503 468
500 1340 1547 226
501 1340 1496 468
503 1341 1555 301
504 1341 1474 301
505 1343 1632 439
506 1343 1660 439
507 1344 1416 224
508 1344 1366 224
510 1346 1529 230
511 1346 1617 448
512 1346 1365 334
513 1346 1365 294
514 1346 1536 230
515 1346 1371 448
516 1346 1393 334
517 1346 1708 294
520 1348 1585 0
523 1351 1366 348
524 1351 1380 348
526 1352 1551 421
527 1352 1531 421
532 1355 1357 440
533 1355 1508 440
534 1358 1360 413
535 1358 1362 413
537 1360 1411 408
538 1360 1407 408
539 1361 1362 534
540 1361 1423 534
542 1363 1368 498
543 1363 1514 498
544 1363 1519 539
545 1363 1453 539
546 1364 1364 0
547 1364 1540 486
548 1364 1566 486
553 1366 1623 455
554 1366 1591 512
555 1366 1613 455
556 1366 1533 512
557 1367 1484 508
558 1367 1556 508
559 1369 1384 542
560 1369 1375 542
564 1372 1415 451
565 1372 1392 515
566 1372 1413 451
567 1372 1505 515
568 1378 1592 228
569 1378 1504 228
572 1380 1543 469
573 1380 1381 469
575 1381 1539 524
576 1381 1450 524
578 1382 1532 573
579 1382 1428 573
581 1384 1473 485
582 1384 1536 485
583 1385 1423 559
584 1385 1763 559
585 1388 1654 386
586 1388 1543 386
588 1391 1470 341
589 1391 1416 341
590 1393 1410 565
591 1393 1613 565
594 1394 1545 318
595 1394 1460 318
596 1398 1508 437
597 1398 1734 476
598 1398 1473 437
599 1398 1576 476
601 1399 1466 369
602 1399 1510 369
604 1400 1503 449
605 1400 1410 449
607 1408 1537 343
608 1408 1542 343
609 1408 1443 333
610 1408 1637 333
613 1411 1465 0
614 1411 1677 605
616 1411 1440 605
619 1412 1484 537
620 1412 1553 537
621 1413 1683 401
622 1413 1673 401
625 1414 1456 566
626 1414 1461 566
628 1416 1555 497
629 1416 1527 497
631 1417 1554 589
632 1417 1591 589
635 1419 1516 0
642 1421 1517 470
643 1421 1615 374
644 1421 1617 470
645 1421 1504 374
649 1422 1545 303
651 1422 1585 303
652 1423 1542 483
653 1423 1646 483
655 1424 1484 540
656 1424 1475 540
657 1425 1682 0
664 1441 1480 616
666 1441 1446 616
668 1444 1693 609
669 1444 1606 609
672 1447 1529 666
673 1447 1629 666
674 1447 1448 464
675 1447 1763 464
678 1448 1763 465
679 1448 1448 465
681 1449 1547 410
682 1449 1450 410
683 1451 1508 576
684 1451 1452 237
685 1451 1579 576
686 1451 1500 237
687 1453 1647 684
688 1453 1721 684
690 1454 1627 545
691 1454 1499 545
693 1457 1480 625
694 1457 1570 625
695 1460 1603 192
696 1460 1539 192
697 1461 1562 595
698 1461 1470 595
699 1462 1590 373
700 1462 1763 373
701 1466 1488 394
702 1466 1538 613
703 1466 1467 394
704 1466 1501 613
705 1467 1729 335
706 1467 1515 335
707 1468 1522 703
708 1468 1488 703
709 1471 1707 698
710 1471 1662 698
711 1474 1584 581
712 1474 1519 581
714 1475 1567 504
716 1475 1534 504
718 1476 1553 656
719 1476 1499 656
720 1481 1617 664
721 1481 1593 664
722 1481 1612 693
723 1481 1504 693
729 1483 1483 173
730 1483 1558 173
731 1483 1494 467
732 1483 1500 467
734 1485 1685 557
735 1485 1497 655
736 1485 1540 619
737 1485 1698 557
738 1485 1722 655
739 1485 1616 619
743 1488 1517 263
744 1488 1670 263
745 1489 1524 701
746 1489 1542 701
748 1493 1673 182
749 1493 1584 182
752 1495 1609 731
753 1495 1629 731
754 1497 1547 501
755 1497 1512 501
756 1498 1763 735
757 1498 1522 735
758 1499 1564 432
759 1499 1645 432
761 1500 1599 719
762 1500 1630 719
765 1501 1567 732
766 1501 1714 732
767 1501 1763 310
768 1501 1647 686
769 1501 1747 310
770 1501 1744 686
771 1502 1543 704
772 1502 1520 704
773 1504 1568 429
774 1504 1763 429
775 1504 1687 407
776 1504 1607 604
777 1504 1647 399
778 1504 1510 499
779 1504 1692 407
780 1504 1641 604
781 1504 1585 399
782 1504 1610 499
784 1505 1579 569
785 1505 1542 645
786 1505 1599 569
787 1505 1534 645
788 1506 1620 460
789 1506 1696 567
790 1506 1620 460
791 1506 1543 567
792 1507 1654 477
793 1507 1595 477
794 1507 1659 367
795 1507 1528 393
796 1507 1516 367
797 1507 1709 393
799 1509 1563 596
800 1509 1683 683
801 1509 1763 533
802 1509 1653 596
803 1509 1566 683
804 1509 1535 533
807 1511 1617 778
808 1511 1763 778
809 1513 1725 755
810 1513 1541 755
811 1515 1631 543
812 1515 1649 543
813 1516 1545 0
814 1516 1644 473
815 1516 1615 473
816 1517 1685 635
817 1517 1591 635
818 1518 1524 642
819 1518 1526 642
820 1518 1624 416
821 1518 1701 743
822 1518 1560 416
823 1518 1543 743
825 1520 1563 712
826 1520 1560 544
827 1520 1696 712
828 1520 1551 544
830 1521 1669 772
831 1521 1555 772
835 1523 1529 757
836 1523 1542 474
837 1523 1565 757
838 1523 1616 474
839 1524 1636 457
840 1524 1545 382
841 1524 1618 457
842 1524 1763 382
843 1525 1605 428
844 1525 1673 818
845 1525 1658 745
846 1525 1623 428
847 1525 1648 818
848 1525 1592 745
850 1527 1544 0
851 1527 1746 819
852 1527 1632 819
853 1528 1555 629
854 1528 1540 412
855 1528 1604 629
856 1528 1595 412
857 1529 1568 795
858 1529 1731 795
859 1530 1763 510
860 1530 1551 510
861 1530 1564 835
862 1530 1534 672
863 1530 1544 835
864 1530 1541 672
865 1532 1678 527
866 1532 1560 527
867 1533 1556 578
868 1533 1555 578
869 1534 1558 556
870 1534 1604 556
873 1535 1601 716
874 1535 1635 787
876 1535 1629 716
877 1535 1562 787
880 1536 1763 804
881 1536 1629 804
882 1537 1605 582
883 1537 1635 582
886 1537 1700 514
887 1537 1558 361
888 1537 1613 514
889 1537 1628 361
890 1538 1661 488
891 1538 1539 277
892 1538 1597 607
893 1538 1694 488
894 1538 1555 277
895 1538 1538 607
896 1539 1604 895
897 1539 1646 702
898 1539 1763 895
899 1539 1710 702
905 1540 1683 225
906 1540 1763 696
907 1540 1736 225
908 1540 1717 696
909 1541 1555 547
910 1541 1630 854
911 1541 1544 736
912 1541 1617 547
913 1541 1629 854
914 1541 1627 736
915 1542 1657 864
916 1542 1728 864
917 1542 1556 380
918 1542 1703 810
919 1542 1617 380
920 1542 1763 810
923 1543 1670 652
924 1543 1763 652
925 1543 1756 746
926 1543 1635 785
927 1543 1629 746
928 1543 1629 785
930 1544 1731 823
931 1544 1605 586
932 1544 1618 572
933 1544 1545 791
934 1544 1724 823
935 1544 1613 586
936 1544 1561 572
937 1544 1555 791
940 1545 1610 911
941 1545 1626 850
942 1545 1713 911
943 1545 1763 850
945 1546 1572 594
947 1546 1763 649
948 1546 1600 933
949 1546 1604 594
951 1546 1763 649
952 1546 1763 933
954 1548 1579 681
955 1548 1557 500
956 1548 1743 754
957 1548 1694 681
958 1548 1566 500
959 1548 1562 754
960 1552 1654 860
961 1552 1763 860
963 1552 1762 526
965 1552 1568 526
966 1554 1560 620
967 1554 1562 620
968 1554 1594 718
969 1554 1562 718
970 1555 1570 631
971 1555 1636 631
974 1556 1750 909
975 1556 1560 853
976 1556 1599 894
977 1556 1561 503
978 1556 1564 937
979 1556 1642 909
980 1556 1761 853
981 1556 1586 894
982 1556 1558 503
983 1556 1610 937
985 1557 1605 558
986 1557 1761 917
987 1557 1644 558
988 1557 1763 917
990 1558 1654 955
991 1558 1654 955
993 1559 1617 730
994 1559 1599 887
995 1559 1584 730
996 1559 1586 887
997 1560 1560 0
1000 1561 1763 822
1001 1561 1700 822
1002 1561 1622 453
1004 1561 1618 866
1005 1561 1661 966
1006 1561 1568 453
1008 1561 1585 866
1009 1561 1763 966
1011 1562 1584 977
1012 1562 1687 936
1013 1562 1562 977
1014 1562 1673 936
1017 1563 1568 697
1018 1563 1563 697
1019 1563 1630 969
1020 1563 1597 1013
1021 1563 1593 959
1022 1563 1565 969
1023 1563 1748 1013
1024 1563 1763 959
1026 1564 1574 825
1027 1564 1566 825
1029 1565 1565 0
1030 1565 1611 861
1031 1565 1702 978
1032 1565 1655 861
1033 1565 1696 978
1036 1566 1624 837
1038 1566 1611 837
1039 1567 1622 1027
1040 1567 1685 803
1041 1567 1579 1027
1042 1567 1695 803
1044 1568 1617 765
1045 1568 1736 765
1049 1569 1763 773
1050 1569 1689 1017
1051 1569 1763 857
1052 1569 1624 773
1053 1569 1699 1017
1054 1569 1716 857
1056 1571 1619 970
1057 1571 1728 970
1058 1573 1590 945
1059 1573 1657 945
1060 1575 1653 1026
1061 1575 1620 1026
1063 1577 1754 599
1064 1577 1711 599
1067 1580 1763 685
1069 1580 1749 1041
1070 1580 1706 784
1071 1580 1685 1041
1072 1580 1610 784
1073 1581 1585 244
1074 1581 1587 244
1080 1585 1704 749
1081 1585 1605 995
1082 1585 1724 749
1083 1585 1651 995
1086 1586 1763 520
1087 1586 1763 520
1088 1586 1605 1008
1089 1586 1715 651
1090 1586 1706 1008
1091 1586 1763 651
1093 1587 1636 981
1094 1587 1705 981
1095 1588 1646 1074
1096 1588 1646 1074
1097 1589 1713 415
1098 1589 1694 415
1100 1591 1618 1058
1101 1591 1763 699
1102 1591 1685 1058
1103 1591 1763 699
1105 1592 1682 632
1106 1592 1668 554
1107 1592 1763 632
1108 1592 1763 554
1110 1593 1763 568
1112 1593 1744 568
1114 1594 1641 1021
1115 1594 1615 1021
1119 1596 1629 793
1120 1596 1738 793
1123 1598 1660 1020
1124 1598 1601 1020
1129 1600 1614 786
1130 1600 1763 761
1131 1600 1763 976
1132 1600 1615 786
1133 1600 1763 761
1134 1600 1763 976
1135 1601 1763 948
1136 1601 1763 948
1138 1602 1641 1124
1139 1602 1617 1124
1140 1604 1763 695
1141 1604 1607 695
1143 1605 1614 855
1144 1605 1617 896
1145 1605 1653 855
1146 1605 1722 896
1150 1606 1724 843
1152 1606 1674 1088
1153 1606 1660 931
1154 1606 1692 843
1156 1606 1756 1088
1157 1606 1613 931
1159 1607 1763 669
1160 1607 1652 669
1164 1608 1615 1141
1165 1608 1668 403
1166 1608 1625 1141
1167 1608 1618 403
1168 1610 1660 752
1169 1610 1685 752
1173 1611 1763 1072
1174 1611 1748 419
1175 1611 1763 481
1176 1611 1763 983
1177 1611 1763 1072
1178 1611 1627 419
1179 1611 1614 481
1180 1611 1731 983
1185 1612 1699 1038
1187 1612 1630 1038
1188 1613 1672 722
1189 1613 1759 722
1193 1614 1763 888
1194 1614 1614 935
1195 1614 1619 1157
1197 1614 1615 591
1198 1614 1763 888
1199 1614 1617 935
1200 1614 1620 1157
1202 1614 1615 591
1206 1615 1642 1143
1208 1615 1649 1179
1209 1615 1756 1143
1211 1615 1724 1179
1216 1616 1618 643
1217 1616 1763 815
1218 1616 1763 1115
1219 1616 1763 1202
1221 1616 1653 643
1222 1616 1687 815
1223 1616 1672 1115
1224 1616 1693 1202
1227 1617 1626 739
1229 1617 1636 838
1231 1617 1708 739
1233 1617 1694 838
1239 1618 1763 807
1240 1618 1728 807
1241 1618 1642 644
1242 1618 1636 511
1243 1618 1763 1144
1244 1618 1665 993
1245 1618 1673 919
1246 1618 1763 644
1247 1618 1763 511
1248 1618 1628 1144
1249 1618 1651 993
1250 1618 1649 919
1251 1619 1626 1100
1252 1619 1629 1216
1253 1619 1626 932
1254 1619 1724 1100
1255 1619 1657 1216
1256 1619 1728 932
1257 1620 1690 1195
1258 1620 1672 1056
1259 1620 1752 1195
1260 1620 1763 1056
1263 1621 1763 1061
1264 1621 1636 1200
1265 1621 1645 1061
1266 1621 1635 1200
1268 1623 1627 1039
1269 1623 1763 1039
1271 1624 1653 553
1272 1624 1635 846
1273 1624 1763 553
1274 1624 1639 846
1278 1625 1763 1052
1281 1625 1647 1052
1284 1626 1628 1166
1285 1626 1745 1166
1289 1627 1720 1251
1290 1627 1763 1227
1291 1627 1701 1253
1292 1627 1636 1251
1293 1627 1697 1227
1294 1627 1668 1253
1298 1628 1763 690
1299 1628 1673 914
1300 1628 1753 690
1301 1628 1675 914
1304 1629 1741 1284
1305 1629 1763 889
1306 1629 1696 1284
1307 1629 1670 889
1309 1630 1683 1119
1310 1630 1674 1119
1311 1630 1689 913
1312 1630 1763 876
1313 1630 1763 1252
1314 1630 1703 913
1315 1630 1763 876
1316 1630 1657 1252
1319 1631 1763 1019
1320 1631 1632 762
1321 1631 1632 1019
1322 1631 1704 762
1325 1632 1699 811
1326 1632 1661 811
1327 1633 1691 1321
1328 1633 1763 438
1329 1633 1763 1321
1330 1633 1763 438
1338 1636 1716 926
1339 1636 1641 874
1341 1636 1763 926
1342 1636 1718 874
1344 1637 1699 971
1346 1637 1716 839
1347 1637 1739 1242
1348 1637 1661 971
1350 1637 1690 839
1351 1637 1659 1242
1354 1638 1648 610
1355 1638 1684 610
1356 1640 1763 1274
1357 1640 1684 1274
1363 1642 1653 1339
1364 1642 1667 1114
1366 1642 1653 1339
1367 1642 1702 1114
1369 1643 1692 1241
1371 1643 1759 1241
1377 1645 1717 987
1379 1645 1763 814
1380 1645 1691 987
1382 1645 1692 814
1385 1646 1731 1265
1387 1646 1723 759
1388 1646 1725 1265
1390 1646 1685 759
1394 1647 1763 653
1395 1647 1685 653
1396 1647 1763 1096
1398 1647 1695 1096
1402 1648 1649 687
1403 1648 1649 687
1404 1648 1763 1281
1405 1648 1763 768
1406 1648 1763 1281
1407 1648 1683 768
1411 1649 1763 847
1413 1649 1687 1354
1414 1649 1662 847
1416 1649 1763 1354
1420 1650 1670 812
1422 1650 1746 1402
1423 1650 1693 1250
1424 1650 1763 812
1426 1650 1695 1402
1427 1650 1763 1250
1429 1652 1660 1083
1430 1652 1763 1083
1432 1653 1763 1160
1433 1653 1693 1160
1436 1654 1749 1271
1437 1654 1763 1060
1438 1654 1719 1366
1439 1654 1735 1271
1440 1654 1763 1060
1441 1654 1763 1366
1446 1655 1763 792
1447 1655 1763 792
1448 1655 1686 991
1449 1655 1694 990
1451 1655 1741 991
1452 1655 1763 990
1463 1658 1706 1059
1464 1658 1729 1316
1465 1658 1704 1059
1466 1658 1763 1316
1467 1659 1662 845
1468 1659 1752 845
1470 1660 1692 1351
1471 1660 1683 1351
1472 1660 1763 794
1473 1660 1672 794
1478 1661 1673 506
1479 1661 1690 1123
1480 1661 1763 1429
1481 1661 1713 506
1482 1661 1763 1123
1483 1661 1665 1429
1486 1662 1763 1326
1487 1662 1763 1005
1488 1662 1686 1326
1489 1662 1763 1005
1492 1663 1763 1467
1494 1663 1747 1467
1495 1666 1695 1483
1496 1666 1716 1483
1497 1668 1763 1364
1498 1668 1721 1364
1501 1669 1742 0
1502 1669 1669 1294
1503 1669 1689 1106
1504 1669 1687 1294
1505 1669 1763 1106
1507 1670 1685 1502
1508 1670 1763 1502
1511 1671 1763 1420
1512 1671 1704 1307
1513 1671 1689 1420
1514 1671 1763 1307
1519 1673 1695 1473
1520 1673 1763 1223
1521 1673 1694 1473
1522 1673 1763 1223
1528 1674 1756 748
1530 1674 1691 844
1531 1674 1763 1299
1533 1674 1731 1245
1534 1674 1707 748
1536 1674 1734 844
1537 1674 1747 1299
1539 1674 1743 1245
1540 1675 1683 0
1541 1675 1763 1310
1542 1675 1763 1310
1544 1676 1763 1301
1545 1676 1744 1301
1550 1678 1763 614
1552 1678 1724 614
1554 1682 1763 0
1555 1683 1763 1105
1556 1683 1763 1105
1561 1684 1700 905
1562 1684 1699 905
1563 1684 1713 800
1564 1684 1763 1309
1565 1684 1695 1471
1566 1684 1684 1540
1567 1684 1763 800
1568 1684 1763 1309
1569 1684 1720 1471
1570 1684 1691 1540
1573 1685 1687 1355
1574 1685 1752 1355
1579 1686 1763 1071
1580 1686 1763 734
1581 1686 1763 1102
1582 1686 1698 1395
1584 1686 1690 816
1585 1686 1739 1507
1586 1686 1763 1071
1587 1686 1713 734
1588 1686 1720 1102
1589 1686 1763 1395
1591 1686 1697 816
1592 1686 1755 1507
1594 1687 1718 1448
1595 1687 1713 1488
1596 1687 1751 1448
1597 1687 1733 1488
1599 1688 1763 775
1600 1688 1763 1573
1601 1688 1727 1504
1602 1688 1696 775
1603 1688 1763 1573
1604 1688 1712 1504
1606 1690 1763 1513
1607 1690 1715 1311
1608 1690 1763 1503
1609 1690 1763 1513
1610 1690 1763 1311
1611 1690 1763 1503
1614 1691 1763 1479
1615 1691 1763 1350
1616 1691 1701 1584
1618 1691 1763 1479
1619 1691 1763 1350
1620 1691 1715 1584
1623 1692 1693 0
1624 1692 1763 1327
1625 1692 1763 1530
1626 1692 1759 1570
1627 1692 1763 1327
1628 1692 1701 1530
1629 1692 1763 1570
1633 1693 1763 1369
1634 1693 1763 779
1635 1693 1763 1470
1636 1693 1725 1369
1637 1693 1763 779
1638 1693 1705 1470
1642 1694 1763 1423
1644 1694 1763 1433
1645 1694 1763 668
1647 1694 1763 1423
1649 1694 1763 1433
1650 1694 1747 668
1654 1695 1706 1449
1655 1695 1763 1098
1657 1695 1763 1233
1658 1695 1763 893
1659 1695 1714 1449
1660 1695 1763 1098
1662 1695 1696 1233
1663 1695 1763 893
1668 1696 1763 1042
1669 1696 1744 1519
1671 1696 1728 1495
1672 1696 1727 1565
1674 1696 1763 1042
1675 1696 1763 1519
1677 1696 1722 1495
1678 1696 1738 1565
1684 1697 1743 827
1685 1697 1763 1602
1686 1697 1763 1662
1688 1697 1730 1306
1690 1697 1749 1033
1691 1697 1726 827
1692 1697 1763 1602
1693 1697 1704 1662
1695 1697 1697 1306
1697 1697 1708 1033
1698 1698 1763 1293
1699 1698 1763 1591
1700 1698 1763 1293
1701 1698 1702 1591
1702 1699 1763 737
1703 1699 1763 1582
1704 1699 1730 737
1705 1699 1763 1582
1707 1700 1705 0
1708 1700 1763 1325
1709 1700 1763 1325
1710 1700 1745 1344
1711 1700 1763 1185
1712 1700 1763 1344
1713 1700 1763 1185
1715 1701 1763 1001
1716 1701 1763 1561
1718 1701 1712 1001
1719 1701 1740 1561
1721 1702 1763 821
1723 1702 1763 1291
1725 1702 1715 821
1727 1702 1763 1291
1730 1703 1711 1701
1731 1703 1763 1367
1732 1703 1709 1701
1733 1703 1703 1367
1734 1704 1763 1314
1735 1704 1734 918
1737 1704 1763 1314
1738 1704 1763 918
1743 1705 1763 1080
1744 1705 1708 1322
1745 1705 1725 1693
1746 1705 1763 1080
1747 1705 1763 1322
1748 1705 1763 1693
1749 1706 1763 1638
1750 1706 1720 1094
1751 1706 1763 1638
1752 1706 1720 1094
1755 1707 1734 1070
1756 1707 1740 1090
1757 1707 1763 1070
1758 1707 1763 1090
1759 1708 1763 1534
1760 1708 1763 709
1762 1708 1763 1534
1763 1708 1762 709
1767 1709 1763 1744
1768 1709 1722 1231
1769 1709 1763 517
1770 1709 1744 1697
1771 1709 1763 1744
1772 1709 1763 1231
1773 1709 1763 517
1774 1709 1739 1697
1775 1710 1718 0
1776 1710 1763 797
1777 1710 1763 797
1778 1710 1718 1732
1779 1710 1722 1732
1783 1711 1763 899
1784 1711 1763 899
1788 1712 1763 1064
1790 1712 1763 1064
1794 1713 1763 1718
1795 1713 1763 1604
1796 1713 1763 1718
1797 1713 1763 1604
1803 1714 1762 1595
1804 1714 1763 1563
1805 1714 1729 1481
1806 1714 1763 442
1807 1714 1763 942
1808 1714 1763 1595
1809 1714 1763 1563
1810 1714 1728 1481
1811 1714 1763 442
1812 1714 1760 942
1814 1715 1763 1659
1815 1715 1749 766
1816 1715 1763 1659
1817 1715 1763 766
1821 1716 1733 1725
1822 1716 1763 1607
1823 1716 1745 1620
1824 1716 1744 1089
1825 1716 1744 1725
1826 1716 1763 1607
1827 1716 1740 1620
1828 1716 1763 1089
1831 1717 1725 0
1832 1717 1763 0
1833 1717 1763 1338
1834 1717 1763 1338
1835 1717 1763 1496
1836 1717 1763 1496
1837 1717 1763 1054
1838 1717 1723 1346
1839 1717 1763 1054
1840 1717 1750 1346
1841 1718 1763 908
1842 1718 1763 908
1844 1718 1763 1377
1846 1718 1763 1377
1849 1719 1763 1594
1851 1719 1763 1342
1852 1719 1721 1775
1853 1719 1753 1594
1855 1719 1763 1342
1856 1719 1763 1775
1857 1720 1720 1438
1859 1720 1763 1438
1864 1721 1763 1289
1865 1721 1763 1588
1866 1721 1763 1857
1868 1721 1722 1752
1869 1721 1763 1289
1870 1721 1750 1588
1871 1721 1763 1857
1873 1721 1763 1752
1875 1722 1737 1498
1876 1722 1750 1498
1878 1722 1763 688
1880 1722 1758 688
1881 1723 1728 1768
1882 1723 1763 1677
1883 1723 1734 1768
1884 1723 1763 1677
1886 1724 1731 1387
1887 1724 1758 1387
1888 1724 1763 1838
1889 1724 1763 1838
1893 1725 1726 1082
1894 1725 1763 1254
1895 1725 1763 934
1896 1725 1763 1150
1897 1725 1763 1552
1898 1725 1763 1211
1899 1725 1763 1082
1900 1725 1755 1254
1901 1725 1725 934
1902 1725 1763 1150
1903 1725 1763 1552
1904 1725 1763 1211
1908 1726 1763 1901
1909 1726 1763 1901
1910 1726 1763 809
1911 1726 1763 809
1912 1726 1763 1636
1913 1726 1739 1388
1915 1726 1763 1745
1916 1726 1740 1636
1917 1726 1763 1388
1919 1726 1763 1745
1920 1727 1763 1691
1921 1727 1762 1691
1923 1728 1762 0
1924 1728 1747 1672
1925 1728 1763 1672
1927 1729 1763 1057
1928 1729 1759 1810
1929 1729 1763 1881
1930 1729 1763 916
1931 1729 1737 1256
1932 1729 1763 1240
1933 1729 1763 1057
1934 1729 1763 1810
1935 1729 1753 1881
1936 1729 1744 916
1937 1729 1749 1256
1938 1729 1763 1240
1939 1730 1730 1805
1940 1730 1763 1805
1941 1730 1749 1464
1942 1730 1747 1464
1944 1731 1763 1939
1945 1731 1763 1704
1946 1731 1744 1688
1947 1731 1763 1939
1948 1731 1763 1704
1949 1731 1746 1688
1950 1732 1735 0
1951 1732 1763 930
1952 1732 1763 858
1953 1732 1763 1533
1954 1732 1763 1180
1955 1732 1763 930
1956 1732 1763 858
1957 1732 1763 1533
1958 1732 1763 1180
1960 1734 1763 1821
1961 1734 1763 1597
1963 1734 1763 1821
1964 1734 1763 1597
1967 1735 1763 1755
1968 1735 1763 597
1969 1735 1763 1536
1970 1735 1753 1883
1971 1735 1763 1735
1972 1735 1763 1755
1973 1735 1763 597
1974 1735 1763 1536
1975 1735 1763 1883
1976 1735 1763 1735
1979 1736 1763 1439
1980 1736 1763 1950
1982 1736 1763 1439
1983 1736 1743 1950
1986 1737 1763 907
1987 1737 1749 1045
1988 1737 1740 907
1989 1737 1749 1045
1992 1738 1739 1931
1995 1738 1739 1931
1996 1739 1763 1120
1997 1739 1763 1678
1998 1739 1763 1120
1999 1739 1763 1678
2001 1740 1763 1585
2002 1740 1763 1585
2003 1740 1763 1913
2004 1740 1763 1347
2005 1740 1754 1995
2006 1740 1743 1913
2007 1740 1763 1347
2008 1740 1762 1995
2012 1741 1743 1916
2013 1741 1761 1988
2014 1741 1763 1719
2015 1741 1763 1756
2016 1741 1759 1827
2017 1741 1763 1916
2018 1741 1755 1988
2019 1741 1763 1719
2020 1741 1742 1756
2021 1741 1763 1827
2026 1742 1755 1451
2027 1742 1763 1304
2030 1742 1763 1451
2031 1742 1763 1304
2033 1743 1749 2020
2034 1743 1763 370
2035 1743 1763 1501
2036 1743 1763 2020
2037 1743 1763 370
2038 1743 1762 1501
2040 1744 1758 1983
2042 1744 1761 2006
2043 1744 1763 1539
2044 1744 1744 1983
2046 1744 1763 2006
2047 1744 1763 1539
2050 1745 1763 1112
2051 1745 1751 1112
2052 1745 1763 1824
2053 1745 1763 1824
2054 1745 1763 1825
2055 1745 1763 1669
2056 1745 1763 1545
2057 1745 1763 1936
2058 1745 1763 770
2059 1745 1763 1946
2060 1745 1752 1825
2061 1745 1763 1669
2062 1745 1763 1545
2063 1745 1763 1936
2064 1745 1763 770
2065 1745 1746 1946
2067 1746 1755 1285
2068 1746 1763 1285
2071 1746 1762 1710
2072 1746 1763 390
2073 1746 1753 1823
2074 1746 1763 1710
2075 1746 1763 390
2076 1746 1763 1823
2079 1747 1763 347
2080 1747 1763 851
2081 1747 1753 1949
2082 1747 1763 1422
2083 1747 1763 347
2084 1747 1763 851
2085 1747 1763 1949
2086 1747 1763 1422
2090 1748 1763 1650
2091 1748 1763 1650
2092 1748 1763 1942
2093 1748 1763 1537
2094 1748 1763 769
2095 1748 1763 1924
2096 1748 1760 1942
2097 1748 1756 1537
2098 1748 1763 769
2099 1748 1763 1924
2103 1749 1763 1174
2105 1749 1763 1023
2106 1749 1763 1174
2108 1749 1763 1023
2113 1750 1763 1069
2114 1750 1763 1987
2115 1750 1759 2033
2116 1750 1763 1941
2117 1750 1763 1690
2118 1750 1751 1069
2119 1750 1763 1987
2120 1750 1763 2033
2121 1750 1763 1941
2122 1750 1763 1690
2123 1751 1763 0
2124 1751 1763 974
2125 1751 1759 1870
2126 1751 1763 1840
2127 1751 1763 974
2128 1751 1763 1870
2129 1751 1763 1840
2136 1752 1763 2118
2137 1752 1763 1596
2138 1752 1763 2051
2139 1752 1763 2118
2140 1752 1763 1596
2141 1752 1763 2051
2143 1753 1763 0
2146 1753 1758 2060
2147 1753 1763 1468
2148 1753 1763 1259
2149 1753 1753 1574
2150 1753 1763 2060
2151 1753 1763 1468
2152 1753 1763 1259
2153 1753 1763 1574
2158 1754 1763 1970
2159 1754 1763 1970
2160 1754 1763 2149
2161 1754 1763 1300
2163 1754 1763 2081
2164 1754 1763 2149
2165 1754 1763 1300
2167 1754 1763 2081
2169 1755 1762 2005
2170 1755 1763 2005
2171 1755 1763 1063
2172 1755 1763 1063
2177 1756 1758 2026
2178 1756 1763 2026
2179 1756 1763 2018
2180 1756 1763 1900
2181 1756 1763 2067
2182 1756 1763 1592
2183 1756 1763 2018
2184 1756 1763 1900
2185 1756 1763 2067
2186 1756 1763 1592
2189 1757 1762 1528
2190 1757 1763 1209
2191 1757 1763 1156
2192 1757 1763 2097
2193 1757 1763 925
2194 1757 1757 1528
2195 1757 1763 1209
2196 1757 1763 1156
2197 1757 1763 2097
2198 1757 1763 925
2201 1758 1763 2194
2203 1758 1763 2194
2206 1759 1762 2040
2207 1759 1763 2177
2208 1759 1763 1880
2209 1759 1763 1887
2210 1759 1759 2040
2211 1759 1763 2177
2212 1759 1763 1880
2213 1759 1763 1887
2219 1760 1763 2210
2220 1760 1763 1371
2221 1760 1763 2125
2222 1760 1763 2115
2223 1760 1763 1928
2224 1760 1763 2016
2225 1760 1763 1626
2226 1760 1763 2210
2227 1760 1763 1371
2228 1760 1763 2125
2229 1760 1763 2115
2230 1760 1763 1928
2231 1760 1763 2016
2232 1760 1763 1626
2237 1761 1763 1812
2238 1761 1763 2096
2239 1761 1763 1812
2240 1761 1763 2096
2242 1762 1763 980
2244 1762 1763 986
2245 1762 1763 980
2247 1762 1763 986
2254 1763 1763 2038
2255 1763 1763 2038
2256 1763 1763 963
2257 1763 1763 2206
2258 1763 1763 1921
2259 1763 1763 2189
2260 1763 1763 2071
2261 1763 1763 1803
2262 1763 1763 1763
2263 1763 1763 2169
2265 1763 1763 963
2266 1763 1763 2206
2267 1763 1763 1921
2268 1763 1763 2189
2269 1763 1763 2071
2270 1763 1763 1803
2271 1763 1763 1763
2272 1763 1763 2169
2500 1712 1763 0
2501 1712 1763 0
