1 0 5 0
2 0 7 0
3 0 1 0
4 0 5 0
5 0 0 0
6 0 0 0
7 0 6 0
8 0 0 0
9 0 39 0
10 0 1 0
11 1 1 5
12 1 1 5
13 2 2 3
14 2 2 3
15 2 2 11
16 2 2 11
17 2 5 0
18 3 4 15
19 3 3 15
20 3 3 15
21 3 12 0
22 3 3 0
23 4 4 0
24 4 4 0
25 5 7 18
26 5 5 18
27 5 5 18
28 6 6 1
29 6 6 1
30 6 6 1
31 6 6 0
32 7 8 7
33 7 7 7
34 7 7 0
35 8 8 25
36 8 8 25
37 8 8 25
38 8 12 2
39 8 16 2
40 9 9 32
41 9 9 32
42 9 10 32
43 9 10 35
44 9 9 35
45 9 13 0
46 11 11 42
47 11 33 42
48 11 92 43
49 11 11 43
50 12 12 46
51 12 12 46
52 12 12 0
53 13 13 21
54 13 25 21
55 13 16 38
56 13 13 38
57 14 14 0
58 15 15 0
59 16 16 0
60 17 17 39
61 17 25 39
62 18 18 60
63 18 18 60
64 18 34 60
65 18 24 0
66 19 24 62
67 19 19 62
68 20 20 0
69 21 21 0
70 23 23 0
71 23 23 0
72 26 114 54
73 26 104 54
74 26 37 61
75 26 28 61
76 29 40 75
77 29 29 75
78 32 32 0
79 35 37 64
80 35 38 64
81 35 47 0
82 35 90 0
83 38 43 74
84 38 38 74
85 38 38 74
86 39 51 80
87 39 54 80
88 40 40 9
89 40 50 9
90 41 45 76
91 41 41 76
92 41 85 0
93 41 44 0
94 44 45 83
95 44 44 83
96 44 44 83
97 45 48 95
98 45 45 95
99 45 45 0
100 45 45 0
101 46 71 90
102 46 46 90
103 46 46 90
104 46 60 94
105 46 46 94
106 46 46 0
107 46 46 0
108 46 46 0
109 47 48 108
110 47 47 108
111 47 47 0
112 49 49 0
113 49 49 0
114 50 53 113
115 50 97 113
116 51 51 89
117 51 51 89
118 51 53 0
119 52 96 0
120 54 54 114
121 54 54 114
122 55 55 120
123 55 56 120
124 55 57 87
125 55 55 87
126 55 55 87
127 55 85 0
128 56 59 122
129 56 56 122
130 57 57 0
131 58 84 124
132 58 58 124
133 58 58 0
134 59 74 0
135 61 85 104
136 61 61 104
137 61 76 104
138 61 61 0
139 63 63 0
140 65 65 0
141 65 68 0
142 72 86 101
143 72 72 101
144 77 80 137
145 77 79 137
146 81 84 144
147 81 84 144
148 85 85 0
149 86 92 148
150 86 91 148
151 86 90 148
152 86 86 0
153 87 106 152
154 87 101 152
155 87 89 142
156 87 90 142
157 88 88 0
158 91 91 156
159 91 94 156
160 92 94 150
161 92 93 150
162 93 93 48
163 93 105 48
164 93 97 149
165 93 93 149
166 95 96 160
167 95 96 160
168 95 95 159
169 95 100 159
170 96 107 0
171 97 97 166
172 97 97 166
173 97 97 167
174 97 97 167
175 98 101 171
176 98 100 171
177 98 98 171
178 98 100 174
179 98 98 174
180 98 98 0
181 99 100 180
182 99 101 180
183 101 101 176
184 101 106 176
185 101 109 169
186 101 113 169
187 102 110 182
188 102 114 182
189 102 109 175
190 102 114 175
191 102 106 0
192 103 105 0
193 103 103 0
194 106 113 163
195 106 111 163
196 107 108 0
197 107 110 0
198 109 109 0
199 110 112 198
200 110 110 198
201 110 114 0
202 111 111 187
203 111 114 187
204 111 111 0
205 112 112 195
206 112 114 195
207 113 114 205
208 113 113 205
209 113 114 0
210 114 114 186
211 114 114 186
