1 0 440 0
2 0 209 0
3 0 2 0
6 51 51 0
14 94 94 0
15 101 101 0
16 105 105 0
17 113 113 0
24 169 459 0
28 187 187 0
29 210 223 2
30 210 223 2
31 213 213 0
32 224 224 0
33 224 226 30
34 224 226 30
35 227 374 34
36 227 453 34
37 243 243 0
38 285 286 0
39 292 292 0
40 340 340 0
41 369 369 0
42 375 376 35
43 375 457 35
44 378 378 0
45 425 430 0
49 441 441 1
50 441 441 1
51 442 472 50
52 442 475 50
53 454 653 36
54 454 484 36
55 456 474 0
56 458 745 43
57 458 484 43
58 460 721 24
59 460 600 24
60 475 475 55
61 475 593 55
62 476 748 52
63 476 487 52
64 482 484 0
65 485 718 54
66 485 600 54
67 494 494 0
68 500 500 0
69 519 519 0
70 525 525 0
71 536 536 0
72 594 651 61
73 594 594 61
75 601 700 66
76 601 691 66
83 649 649 0
84 651 711 0
85 654 654 53
86 654 883 53
87 655 655 0
88 691 737 0
96 701 1059 75
97 701 1021 75
98 702 711 0
100 709 716 0
101 717 733 100
102 717 718 100
105 719 848 65
106 719 1018 65
108 722 838 58
109 722 763 58
110 724 724 0
111 733 733 0
112 734 756 111
113 738 862 88
114 738 838 88
115 746 1068 56
116 746 848 56
117 749 946 62
118 749 946 62
123 757 1040 112
124 757 770 112
125 764 979 109
126 764 979 109
130 771 771 124
131 771 814 124
135 812 946 0
139 827 831 0
140 839 900 114
141 839 911 114
142 844 849 0
147 849 1023 116
149 849 862 116
152 863 898 113
153 863 883 113
154 866 866 0
156 871 871 0
157 884 911 153
158 884 986 153
159 892 892 0
160 898 898 0
161 899 949 152
162 899 990 152
163 912 949 141
164 912 1003 141
166 917 917 0
171 935 935 0
172 946 984 0
174 947 984 118
175 947 990 118
178 950 1017 163
179 950 983 163
180 953 961 0
186 980 990 125
187 980 1007 125
188 982 1228 0
189 984 997 179
190 984 984 179
192 985 1083 174
193 985 1003 174
194 987 990 0
195 987 1219 158
196 987 1255 158
197 991 1205 162
198 991 1008 175
199 991 1052 162
200 991 1030 175
201 998 1027 189
202 998 1002 189
203 1002 1007 0
204 1004 1218 193
205 1004 1033 193
206 1006 1030 0
207 1008 1008 187
208 1008 1008 187
209 1009 1010 198
210 1009 1010 198
212 1011 1039 209
213 1011 1080 209
214 1016 1123 0
215 1018 1022 178
216 1018 1030 178
217 1019 1147 106
218 1019 1065 106
220 1022 1073 97
221 1022 1038 97
222 1023 1243 215
223 1023 1105 215
224 1024 1059 147
225 1024 1027 147
226 1027 1027 0
227 1027 1052 0
228 1028 1074 201
229 1028 1205 201
230 1031 1045 206
231 1031 1041 206
232 1034 1083 205
233 1034 1105 205
234 1039 1122 221
235 1039 1080 221
237 1041 1201 123
238 1041 1180 123
239 1042 1123 231
240 1042 1210 231
241 1046 1081 230
242 1046 1192 230
244 1053 1080 227
245 1053 1221 227
246 1059 1059 0
247 1060 1246 96
248 1060 1065 96
249 1066 1123 248
250 1066 1356 248
251 1069 1250 115
252 1069 1072 115
253 1074 1144 0
254 1074 1165 220
255 1074 1083 220
256 1075 1125 0
257 1080 1147 0
259 1081 1144 213
260 1081 1126 213
262 1082 1110 241
263 1082 1149 241
264 1084 1210 192
265 1084 1373 192
267 1106 1201 233
268 1106 1181 233
272 1115 1125 0
276 1123 1205 234
277 1123 1218 234
280 1124 1174 214
281 1124 1192 214
282 1126 1126 272
283 1126 1162 272
284 1127 1132 282
285 1127 1149 282
286 1133 1174 0
287 1145 1208 253
288 1145 1174 253
290 1148 1167 257
291 1148 1209 257
292 1150 1155 263
293 1150 1165 263
294 1153 1154 0
296 1156 1162 292
297 1156 1156 292
298 1163 1174 296
299 1163 1180 296
300 1166 1358 254
301 1166 1167 254
302 1168 1181 301
303 1168 1250 301
304 1175 1175 0
305 1175 1210 298
306 1175 1228 288
307 1175 1209 298
308 1175 1212 288
309 1181 1290 238
310 1181 1205 238
312 1182 1255 302
313 1182 1227 302
314 1193 1200 281
315 1193 1200 281
318 1201 1244 314
319 1201 1316 314
321 1202 1318 237
322 1202 1287 237
323 1206 1207 197
324 1206 1353 229
325 1206 1318 197
326 1206 1208 229
327 1208 1269 323
328 1208 1316 323
330 1209 1214 326
331 1209 1214 326
333 1210 1240 307
334 1210 1243 307
335 1211 1287 264
336 1211 1291 305
337 1211 1255 264
338 1211 1315 305
339 1213 1213 308
340 1213 1227 308
341 1215 1243 331
342 1215 1242 331
344 1219 1224 204
345 1219 1296 277
346 1219 1224 204
347 1219 1267 277
348 1220 1266 195
349 1220 1266 195
350 1222 1319 0
351 1225 1264 344
352 1225 1243 344
353 1228 1228 340
354 1228 1228 340
355 1229 1284 353
356 1229 1236 188
357 1229 1240 353
358 1229 1393 188
359 1237 1318 356
360 1237 1318 356
361 1241 1242 357
362 1241 1297 357
364 1243 1245 361
365 1243 1245 361
366 1244 1270 352
367 1244 1291 341
368 1244 1264 352
369 1244 1317 341
371 1245 1297 318
372 1245 1264 318
373 1246 1371 365
374 1246 1264 365
375 1247 1417 247
376 1247 1347 247
377 1249 1271 0
378 1251 1269 303
379 1251 1342 303
380 1251 1409 251
381 1251 1396 251
385 1256 1359 312
386 1256 1379 312
387 1256 1471 337
388 1256 1302 337
391 1265 1302 368
392 1265 1290 372
393 1265 1318 368
394 1265 1271 372
395 1267 1297 348
397 1267 1278 348
401 1268 1284 347
402 1268 1498 347
403 1270 1411 327
404 1270 1312 327
406 1271 1303 366
407 1271 1278 366
408 1272 1303 377
409 1272 1297 377
411 1279 1339 407
412 1279 1312 407
414 1285 1305 355
415 1285 1300 355
416 1288 1296 322
417 1288 1295 322
418 1291 1315 392
419 1291 1341 392
420 1292 1329 367
421 1292 1303 367
422 1296 1368 417
423 1296 1296 417
424 1297 1398 416
425 1297 1398 416
426 1298 1346 395
427 1298 1318 395
428 1298 1348 371
429 1298 1317 371
430 1298 1353 362
431 1298 1380 362
432 1300 1381 0
434 1303 1387 391
435 1303 1405 391
437 1304 1342 406
438 1304 1333 421
439 1304 1393 406
440 1304 1336 421
441 1306 1336 0
442 1313 1339 412
443 1313 1342 412
444 1316 1333 338
445 1316 1319 338
446 1317 1347 328
447 1317 1317 319
448 1317 1356 328
449 1317 1376 319
451 1318 1336 429
452 1318 1378 429
453 1319 1346 393
454 1319 1432 325
455 1319 1327 360
456 1319 1428 393
457 1319 1329 325
458 1319 1327 360
460 1320 1426 445
461 1320 1335 445
462 1328 1335 455
463 1328 1381 455
464 1330 1504 420
465 1330 1379 420
466 1334 1366 444
467 1334 1356 444
468 1336 1348 0
469 1336 1387 461
470 1336 1342 461
471 1337 1390 451
472 1337 1353 451
473 1340 1341 442
474 1340 1357 442
475 1342 1356 419
476 1342 1387 419
477 1343 1375 470
478 1343 1387 379
479 1343 1357 470
480 1343 1456 379
482 1347 1434 426
483 1347 1358 426
484 1348 1471 446
485 1348 1489 446
486 1349 1360 428
487 1349 1393 428
489 1354 1370 430
491 1354 1439 472
492 1354 1409 430
494 1354 1364 472
495 1357 1396 250
496 1357 1420 475
497 1357 1464 250
498 1357 1453 475
499 1358 1542 479
500 1358 1366 479
502 1359 1567 483
503 1359 1534 483
506 1360 1380 385
507 1360 1393 385
509 1365 1386 494
510 1365 1403 494
511 1367 1374 466
512 1367 1370 466
513 1369 1369 422
514 1369 1369 422
516 1371 1421 489
517 1371 1387 489
519 1372 1379 373
520 1372 1451 373
524 1375 1384 511
525 1375 1379 511
526 1377 1427 449
527 1377 1378 449
529 1379 1381 452
530 1379 1447 452
531 1380 1380 525
532 1380 1400 465
533 1380 1386 386
534 1380 1453 525
535 1380 1387 465
536 1380 1387 386
537 1381 1417 506
538 1381 1425 506
541 1382 1410 529
542 1382 1393 529
545 1387 1390 533
546 1387 1398 509
547 1387 1433 533
548 1387 1401 509
550 1388 1426 478
551 1388 1388 476
552 1388 1404 517
553 1388 1405 478
554 1388 1416 476
555 1388 1454 517
556 1391 1398 471
557 1391 1476 471
558 1394 1396 0
559 1394 1470 439
560 1394 1410 507
561 1394 1487 358
562 1394 1435 439
563 1394 1494 507
564 1394 1438 358
566 1397 1459 495
567 1397 1416 495
568 1399 1401 556
569 1399 1410 425
570 1399 1463 556
571 1399 1410 425
572 1401 1404 0
573 1401 1404 532
574 1401 1445 532
575 1402 1402 0
576 1402 1403 548
577 1402 1410 548
578 1404 1404 576
579 1404 1452 576
580 1405 1432 510
581 1405 1510 573
582 1405 1427 573
584 1406 1417 435
585 1406 1451 435
586 1407 1425 0
587 1410 1465 380
588 1410 1465 380
591 1411 1462 571
592 1411 1433 560
593 1411 1422 541
594 1411 1420 571
595 1411 1418 560
596 1411 1433 541
597 1412 1509 403
598 1412 1412 403
600 1417 1492 567
601 1417 1442 567
602 1418 1420 0
603 1418 1491 375
605 1418 1420 375
607 1419 1422 595
608 1419 1433 595
611 1421 1476 602
612 1421 1428 605
613 1421 1433 602
614 1421 1428 605
615 1422 1431 516
616 1422 1422 516
617 1423 1441 0
622 1426 1439 538
623 1426 1431 538
626 1427 1434 0
627 1427 1470 550
628 1427 1445 550
629 1428 1516 526
630 1428 1454 526
631 1428 1434 582
632 1428 1435 582
634 1429 1468 614
635 1429 1451 456
636 1429 1429 614
637 1429 1490 456
638 1432 1453 615
640 1432 1453 615
642 1433 1434 454
643 1433 1487 454
644 1434 1476 0
645 1434 1579 547
646 1434 1452 613
647 1434 1472 547
648 1434 1512 613
649 1435 1435 482
650 1435 1436 642
651 1435 1557 482
652 1435 1476 642
653 1436 1554 649
654 1436 1446 632
655 1436 1470 649
656 1436 1437 632
658 1437 1438 0
660 1439 1452 564
661 1439 1758 564
663 1440 1477 491
664 1440 1466 622
665 1440 1498 491
666 1440 1453 622
667 1442 1509 617
668 1442 1464 617
669 1443 1452 601
670 1443 1492 601
675 1446 1459 628
676 1446 1535 628
677 1447 1467 0
678 1447 1456 654
679 1447 1456 654
685 1452 1528 585
686 1452 1474 520
687 1452 1455 585
688 1452 1454 520
690 1453 1505 669
691 1453 1466 579
692 1453 1601 660
693 1453 1453 669
694 1453 1465 579
695 1453 1546 660
698 1454 1482 693
699 1454 1477 640
700 1454 1489 693
701 1454 1455 640
704 1455 1551 555
705 1455 1481 555
709 1456 1561 687
710 1456 1480 687
712 1457 1458 0
713 1457 1568 480
714 1457 1493 480
715 1457 1464 679
716 1457 1489 679
720 1460 1473 0
721 1460 1487 566
722 1460 1495 566
725 1462 1551 0
726 1463 1476 591
728 1463 1489 591
733 1465 1465 0
734 1465 1639 497
735 1465 1478 668
736 1465 1470 497
737 1465 1546 668
738 1466 1483 588
739 1466 1505 588
740 1467 1481 691
741 1467 1500 664
742 1467 1480 691
743 1467 1467 664
747 1469 1503 0
750 1470 1470 0
753 1471 1471 0
754 1471 1657 736
755 1471 1544 627
756 1471 1605 736
757 1471 1493 627
758 1472 1490 484
759 1472 1528 484
761 1475 1542 686
762 1475 1482 686
763 1476 1483 0
764 1477 1484 557
765 1477 1498 726
766 1477 1479 644
767 1477 1477 611
768 1477 1492 557
769 1477 1510 726
770 1477 1556 644
771 1477 1479 611
772 1478 1480 0
775 1479 1502 735
777 1479 1480 735
780 1480 1480 771
781 1480 1480 771
782 1481 1515 710
783 1481 1500 777
784 1481 1533 781
785 1481 1491 710
786 1481 1489 777
787 1481 1513 781
790 1482 1492 705
791 1482 1486 740
792 1482 1488 705
793 1482 1482 740
796 1483 1493 0
797 1483 1484 762
798 1483 1483 762
799 1484 1489 738
801 1484 1487 738
803 1485 1516 797
804 1485 1486 764
805 1485 1486 797
806 1485 1487 764
807 1487 1497 791
808 1487 1490 791
809 1488 1489 721
810 1488 1504 643
811 1488 1500 806
812 1488 1494 561
813 1488 1573 721
814 1488 1500 643
815 1488 1504 806
816 1488 1505 561
819 1490 1490 716
821 1490 1492 799
822 1490 1529 786
823 1490 1493 700
824 1490 1510 716
826 1490 1491 799
827 1490 1509 786
828 1490 1510 700
831 1491 1562 758
832 1491 1561 758
833 1491 1521 808
834 1491 1495 808
835 1492 1636 603
836 1492 1504 785
837 1492 1584 603
838 1492 1501 785
839 1493 1495 600
840 1493 1495 600
841 1493 1542 670
842 1493 1528 821
843 1493 1542 670
844 1493 1497 821
846 1494 1551 823
847 1494 1504 823
848 1494 1529 757
849 1494 1536 714
850 1494 1515 757
851 1494 1516 714
852 1495 1496 812
853 1495 1549 812
855 1496 1509 840
856 1496 1501 834
857 1496 1517 840
858 1496 1504 834
860 1497 1512 852
861 1497 1529 852
862 1498 1541 0
863 1498 1578 807
864 1498 1524 807
867 1499 1556 665
868 1499 1606 402
869 1499 1525 665
870 1499 1581 402
871 1500 1578 0
873 1501 1504 814
874 1501 1577 814
877 1502 1502 838
878 1502 1546 838
880 1503 1515 877
881 1503 1521 877
883 1504 1504 0
886 1505 1520 858
887 1505 1608 873
888 1505 1532 464
889 1505 1626 815
890 1505 1528 858
891 1505 1524 873
892 1505 1543 464
893 1505 1517 815
894 1506 1546 816
895 1506 1539 816
896 1506 1515 690
897 1506 1545 690
900 1510 1600 667
901 1510 1521 667
902 1510 1537 827
903 1510 1537 827
904 1510 1548 855
905 1510 1592 855
910 1511 1555 828
911 1511 1511 581
913 1511 1515 828
914 1511 1516 581
920 1513 1531 860
921 1513 1549 860
922 1513 1513 648
923 1513 1520 648
924 1514 1523 787
925 1514 1536 787
928 1516 1530 913
929 1516 1516 880
931 1516 1517 913
932 1516 1587 880
934 1517 1530 803
935 1517 1537 803
936 1517 1553 929
937 1517 1562 629
938 1517 1526 929
939 1517 1531 629
942 1518 1593 857
943 1518 1524 857
947 1521 1521 0
948 1521 1525 0
949 1521 1553 886
950 1521 1595 886
952 1521 1533 923
954 1521 1672 923
956 1522 1528 833
957 1522 1536 833
958 1522 1538 901
959 1522 1540 901
964 1525 1534 864
965 1525 1530 864
967 1526 1533 948
969 1526 1536 948
970 1526 1542 869
971 1526 1536 869
973 1529 1561 759
974 1529 1536 956
975 1529 1557 890
976 1529 1534 759
977 1529 1551 956
978 1529 1557 890
980 1530 1534 822
981 1530 1536 861
982 1530 1552 822
983 1530 1536 861
987 1531 1531 0
988 1531 1550 934
989 1531 1535 934
990 1531 1558 928
992 1531 1549 928
998 1533 1585 888
999 1533 1554 888
1001 1534 1572 967
1002 1534 1746 784
1003 1534 1571 967
1004 1534 1545 784
1006 1535 1535 0
1008 1535 1563 503
1010 1535 1555 964
1011 1535 1539 980
1013 1535 1555 503
1015 1535 1566 964
1016 1535 1567 980
1018 1536 1595 676
1020 1536 1538 676
1022 1537 1550 974
1023 1537 1546 849
1024 1537 1539 981
1025 1537 1551 974
1026 1537 1560 849
1027 1537 1549 981
1030 1538 1567 903
1031 1538 1539 902
1032 1538 1539 903
1033 1538 1557 902
1035 1539 1557 1020
1036 1539 1552 1020
1038 1540 1546 0
1039 1540 1634 1024
1040 1540 1549 895
1041 1540 1583 1024
1042 1540 1576 895
1044 1542 1619 0
1053 1543 1545 0
1054 1543 1552 841
1055 1543 1617 841
1056 1543 1591 761
1057 1543 1545 970
1058 1543 1551 761
1059 1543 1545 970
1062 1545 1554 0
1063 1545 1571 755
1065 1545 1559 755
1069 1546 1551 0
1071 1546 1549 1053
1072 1546 1554 1059
1073 1546 1546 1053
1074 1546 1546 1059
1075 1547 1575 1073
1076 1547 1550 737
1077 1547 1563 1023
1078 1547 1639 894
1079 1547 1699 1073
1080 1547 1566 737
1081 1547 1566 1023
1082 1547 1549 894
1083 1549 1549 0
1084 1549 1559 904
1085 1549 1558 904
1086 1550 1551 0
1087 1550 1550 992
1088 1550 1558 992
1089 1550 1653 1040
1090 1550 1589 1082
1091 1550 1648 1040
1092 1550 1576 1082
1096 1551 1572 1087
1097 1551 1566 1076
1098 1551 1570 1022
1099 1551 1555 1087
1100 1551 1555 1076
1101 1551 1572 1022
1104 1552 1621 0
1105 1552 1572 704
1106 1552 1564 977
1107 1552 1585 1025
1108 1552 1561 704
1109 1552 1555 977
1110 1552 1763 1025
1113 1553 1562 982
1114 1553 1554 982
1117 1554 1566 949
1119 1554 1596 949
1122 1555 1592 653
1123 1555 1573 999
1124 1555 1563 653
1125 1555 1570 999
1126 1556 1563 0
1129 1556 1595 1013
1130 1556 1591 910
1131 1556 1617 1010
1132 1556 1657 1013
1133 1556 1605 910
1134 1556 1559 1010
1136 1557 1588 770
1137 1557 1645 770
1140 1558 1589 1033
1142 1558 1573 1033
1143 1559 1587 0
1144 1559 1567 990
1145 1559 1582 990
1149 1560 1561 1084
1150 1560 1679 1065
1152 1560 1562 1084
1153 1560 1665 1065
1156 1562 1667 1108
1157 1562 1590 1149
1158 1562 1600 1108
1159 1562 1593 1149
1160 1563 1597 1152
1161 1563 1565 1113
1162 1563 1581 937
1163 1563 1573 1152
1164 1563 1607 1113
1165 1563 1600 937
1166 1564 1584 1077
1167 1564 1608 1077
1168 1564 1683 1008
1169 1564 1636 1124
1170 1564 1695 1008
1171 1564 1596 1124
1172 1567 1586 1015
1173 1567 1586 1080
1174 1567 1576 1015
1175 1567 1590 1080
1178 1568 1681 502
1179 1568 1571 1030
1180 1568 1570 1016
1181 1568 1573 502
1182 1568 1639 1030
1183 1568 1606 1016
1188 1571 1597 1180
1189 1571 1587 1180
1190 1572 1654 1063
1191 1572 1588 1179
1192 1572 1573 1003
1193 1572 1601 1063
1194 1572 1573 1179
1195 1572 1601 1003
1197 1573 1665 1096
1198 1573 1612 1096
1199 1574 1671 1181
1200 1574 1579 1194
1201 1574 1596 1142
1202 1574 1589 1181
1203 1574 1579 1194
1204 1574 1647 1142
1206 1576 1578 1075
1207 1576 1598 1075
1208 1577 1582 0
1210 1577 1581 1092
1212 1577 1645 1092
1213 1579 1581 0
1214 1579 1597 871
1215 1579 1601 871
1216 1579 1587 1206
1217 1579 1667 1206
1219 1580 1585 1203
1220 1580 1588 1203
1226 1582 1667 0
1227 1582 1611 0
1232 1582 1598 1162
1233 1582 1669 1210
1234 1582 1582 1162
1235 1582 1620 1210
1239 1583 1648 1234
1240 1583 1639 1234
1244 1585 1723 837
1245 1585 1601 1166
1246 1585 1612 837
1247 1585 1618 1166
1250 1586 1597 1107
1251 1586 1615 1219
1252 1586 1597 1107
1253 1586 1590 1219
1255 1587 1588 1173
1257 1587 1595 1173
1261 1589 1606 1255
1262 1589 1592 1191
1264 1589 1638 1255
1265 1589 1614 1191
1268 1590 1598 1202
1269 1590 1614 1140
1270 1590 1682 1090
1271 1590 1590 1202
1272 1590 1635 1140
1273 1590 1601 1090
1276 1591 1639 1271
1277 1591 1591 1253
1278 1591 1659 1175
1279 1591 1763 1271
1280 1591 1650 1253
1281 1591 1622 1175
1282 1592 1636 0
1283 1592 1592 0
1284 1592 1609 1056
1285 1592 1597 1056
1288 1593 1609 1122
1289 1593 1604 1122
1294 1594 1681 1159
1296 1594 1611 1159
1300 1596 1602 0
1303 1596 1597 1018
1304 1596 1596 1018
1307 1596 1646 1129
1308 1596 1609 950
1309 1596 1598 1129
1310 1596 1732 950
1312 1597 1642 1171
1313 1597 1670 1201
1314 1597 1639 1171
1315 1597 1603 1201
1318 1598 1671 1160
1319 1598 1763 1252
1320 1598 1611 1303
1321 1598 1603 1188
1322 1598 1671 1160
1323 1598 1600 1252
1324 1598 1598 1303
1325 1598 1599 1188
1326 1599 1660 1268
1327 1599 1709 1268
1328 1599 1692 1309
1329 1599 1654 1309
1332 1600 1601 1325
1334 1600 1603 1325
1335 1601 1624 1158
1336 1601 1633 900
1337 1601 1650 1158
1338 1601 1667 900
1340 1602 1645 1193
1341 1602 1605 1193
1342 1602 1636 1273
1343 1602 1689 1215
1344 1602 1622 1273
1345 1602 1604 1215
1346 1604 1604 0
1347 1604 1606 1334
1348 1604 1607 1321
1349 1604 1608 1334
1350 1604 1608 1321
1352 1605 1614 1289
1353 1605 1609 1289
1355 1607 1615 1261
1356 1607 1630 1261
1357 1607 1623 1183
1358 1607 1665 1347
1359 1607 1763 1183
1360 1607 1655 1347
1364 1608 1639 1164
1365 1608 1642 1164
1369 1609 1614 1167
1370 1609 1638 1349
1371 1609 1624 1167
1372 1609 1610 1349
1373 1610 1639 1308
1374 1610 1647 1353
1376 1610 1612 1308
1377 1610 1638 1353
1379 1611 1616 1372
1380 1611 1627 1372
1382 1612 1704 1296
1383 1612 1720 1296
1384 1613 1627 1246
1385 1613 1631 1246
1388 1615 1636 1369
1389 1615 1635 1369
1390 1615 1763 1352
1391 1615 1682 1352
1393 1616 1620 0
1394 1616 1642 1355
1395 1616 1621 1251
1396 1616 1621 1355
1397 1616 1621 1251
1399 1617 1617 0
1400 1618 1627 1055
1402 1618 1624 1055
1404 1619 1720 1247
1405 1619 1652 1247
1411 1621 1711 1235
1412 1621 1648 1235
1414 1622 1627 1397
1415 1622 1648 1397
1417 1623 1641 1281
1418 1623 1663 1344
1419 1623 1627 1281
1420 1623 1627 1344
1424 1625 1672 0
1427 1625 1680 1335
1428 1625 1627 1371
1429 1625 1680 1335
1430 1625 1639 1371
1433 1627 1660 889
1435 1627 1645 889
1437 1628 1654 1384
1438 1628 1722 1384
1439 1628 1638 1414
1440 1628 1663 1419
1441 1628 1631 1380
1442 1628 1630 1414
1443 1628 1637 1419
1444 1628 1631 1380
1445 1631 1679 1356
1446 1631 1681 1356
1447 1632 1687 1385
1448 1632 1682 1385
1450 1632 1646 1441
1452 1632 1649 1441
1462 1635 1648 1039
1463 1635 1659 1039
1464 1636 1637 1389
1465 1636 1679 1389
1466 1636 1639 1272
1467 1636 1636 1272
1469 1637 1699 1282
1470 1637 1642 1169
1471 1637 1705 1342
1472 1637 1639 1282
1473 1637 1687 1169
1474 1637 1642 1342
1476 1638 1638 1443
1477 1638 1644 1464
1478 1638 1662 1443
1479 1638 1650 1464
1482 1639 1671 1370
1483 1639 1657 1370
1484 1639 1646 1439
1485 1639 1674 1476
1486 1639 1650 1439
1487 1639 1641 1476
1488 1640 1693 1240
1489 1640 1649 1240
1490 1640 1646 1373
1491 1640 1763 1472
1492 1640 1674 1466
1493 1640 1648 1314
1494 1640 1705 1276
1495 1640 1656 1078
1496 1640 1648 1373
1497 1640 1666 1472
1498 1640 1703 1466
1499 1640 1697 1314
1500 1640 1683 1276
1501 1640 1660 1078
1502 1642 1689 1487
1503 1642 1642 1487
1505 1643 1668 1503
1506 1643 1679 1474
1507 1643 1668 1503
1508 1643 1668 1474
1509 1646 1658 1340
1510 1646 1669 1435
1511 1646 1648 1340
1512 1646 1760 1435
1513 1647 1699 1490
1514 1647 1651 1490
1515 1647 1677 1307
1516 1647 1733 1450
1517 1647 1671 1307
1518 1647 1647 1450
1520 1648 1697 1374
1521 1648 1697 1374
1523 1649 1653 1462
1524 1649 1686 1415
1525 1649 1680 1412
1526 1649 1654 1462
1527 1649 1712 1415
1528 1649 1680 1412
1530 1650 1656 1489
1531 1650 1693 1489
1534 1651 1665 1337
1535 1651 1749 1280
1536 1651 1660 1337
1537 1651 1651 1280
1539 1652 1661 1514
1540 1652 1701 1514
1541 1652 1665 1537
1542 1652 1763 1537
1543 1653 1712 1405
1544 1653 1673 1405
1546 1654 1654 1089
1547 1654 1704 1089
1548 1655 1723 1329
1549 1655 1679 1190
1550 1655 1681 1526
1551 1655 1702 1329
1552 1655 1698 1190
1553 1655 1659 1526
1554 1656 1671 1360
1555 1656 1658 1360
1557 1657 1660 1530
1558 1657 1710 1530
1559 1658 1678 754
1560 1658 1661 1483
1561 1658 1705 754
1562 1658 1740 1483
1566 1659 1713 1555
1568 1659 1731 1555
1570 1660 1714 1553
1571 1660 1691 1553
1573 1661 1665 1536
1574 1661 1671 1557
1575 1661 1719 1433
1576 1661 1695 1536
1577 1661 1758 1557
1578 1661 1661 1433
1581 1662 1713 1539
1582 1662 1678 1539
1585 1663 1680 1478
1586 1663 1666 1478
1587 1664 1697 1418
1588 1664 1668 1418
1591 1666 1669 1573
1592 1666 1707 1541
1593 1666 1683 1358
1594 1666 1688 1573
1595 1666 1687 1541
1596 1666 1759 1358
1597 1667 1677 1497
1598 1667 1678 1497
1600 1668 1710 1226
1601 1668 1697 1156
1602 1668 1672 1338
1603 1668 1679 1226
1604 1668 1704 1156
1605 1668 1707 1338
1606 1669 1682 1505
1607 1669 1669 1588
1608 1669 1679 1505
1609 1669 1673 1588
1610 1670 1675 1607
1611 1670 1672 1607
1612 1670 1677 1591
1613 1670 1680 1591
1614 1671 1681 1313
1615 1671 1672 1313
1617 1672 1678 1199
1618 1672 1680 1318
1619 1672 1717 1554
1620 1672 1678 1574
1621 1672 1702 1199
1622 1672 1688 1318
1623 1672 1711 1554
1624 1672 1761 1574
1626 1673 1762 1602
1627 1673 1695 1602
1628 1674 1738 1544
1629 1674 1697 1609
1630 1674 1681 1544
1631 1674 1682 1609
1634 1675 1679 1485
1636 1675 1679 1485
1639 1676 1677 1610
1640 1676 1677 1610
1645 1678 1681 1612
1646 1678 1713 1597
1647 1678 1725 1612
1648 1678 1678 1597
1649 1679 1679 0
1651 1679 1763 1617
1653 1679 1755 1617
1656 1680 1753 1603
1657 1680 1680 1603
1658 1680 1698 1634
1659 1680 1688 1506
1660 1680 1753 1150
1661 1680 1691 1636
1662 1680 1701 1608
1663 1680 1720 1465
1664 1680 1691 1634
1665 1680 1746 1506
1666 1680 1687 1150
1667 1680 1731 1636
1668 1680 1681 1608
1669 1680 1750 1465
1672 1681 1695 1429
1673 1681 1703 1427
1674 1681 1706 1528
1675 1681 1711 1429
1676 1681 1693 1427
1677 1681 1683 1528
1680 1682 1693 1550
1681 1682 1708 1178
1682 1682 1696 1645
1683 1682 1687 1446
1684 1682 1682 1630
1685 1682 1745 1550
1686 1682 1720 1178
1687 1682 1696 1645
1688 1682 1692 1446
1689 1682 1719 1630
1692 1683 1743 1448
1693 1683 1688 1606
1694 1683 1700 1684
1695 1683 1747 1270
1696 1683 1723 1448
1697 1683 1699 1606
1698 1683 1721 1684
1699 1683 1733 1270
1702 1684 1763 1168
1703 1684 1721 1677
1704 1684 1743 1168
1705 1684 1706 1677
1713 1687 1715 0
1716 1687 1692 1524
1717 1687 1694 1524
1719 1688 1761 0
1720 1688 1717 1683
1721 1688 1693 1473
1722 1688 1700 1683
1723 1688 1707 1473
1725 1689 1696 1622
1726 1689 1689 1659
1728 1689 1694 1693
1729 1689 1699 1622
1730 1689 1690 1659
1732 1689 1693 1693
1737 1690 1695 1726
1739 1690 1704 1726
1740 1691 1693 1730
1741 1691 1691 1730
1744 1692 1701 1661
1745 1692 1720 1661
1746 1692 1695 1664
1747 1692 1751 1571
1748 1692 1697 1664
1749 1692 1692 1571
1751 1693 1705 1688
1752 1693 1720 1716
1753 1693 1735 1688
1754 1693 1735 1716
1760 1694 1740 1676
1761 1694 1701 1732
1762 1694 1694 1680
1763 1694 1763 1531
1764 1694 1710 1676
1765 1694 1753 1732
1766 1694 1719 1680
1767 1694 1721 1531
1770 1695 1708 1717
1771 1695 1736 1717
1774 1696 1696 1170
1775 1696 1705 1737
1777 1696 1718 1170
1778 1696 1698 1737
1780 1697 1747 1682
1781 1697 1715 1687
1782 1697 1716 1682
1783 1697 1699 1687
1786 1698 1721 1601
1788 1698 1705 1521
1789 1698 1732 1587
1790 1698 1721 1629
1792 1698 1763 1601
1794 1698 1707 1521
1795 1698 1763 1587
1796 1698 1721 1629
1799 1699 1705 1658
1801 1699 1763 1552
1802 1699 1701 1658
1804 1699 1742 1552
1807 1700 1732 1729
1808 1700 1703 1469
1810 1700 1735 1729
1811 1700 1723 1469
1813 1701 1705 1722
1814 1701 1704 1694
1815 1701 1759 1722
1816 1701 1720 1694
1821 1702 1718 1802
1822 1702 1763 1744
1823 1702 1717 1662
1824 1702 1732 1802
1825 1702 1706 1744
1826 1702 1763 1662
1827 1703 1756 1621
1828 1703 1735 1621
1829 1704 1710 1498
1830 1704 1706 1673
1831 1704 1708 1498
1832 1704 1719 1673
1835 1705 1735 1604
1836 1705 1720 1814
1837 1705 1763 1547
1838 1705 1756 1604
1839 1705 1763 1814
1840 1705 1754 1547
1843 1706 1732 1788
1844 1706 1751 1775
1845 1706 1763 1494
1846 1706 1763 1751
1847 1706 1712 1788
1848 1706 1706 1775
1849 1706 1763 1494
1850 1706 1720 1751
1852 1707 1759 1830
1853 1707 1731 1848
1854 1707 1735 1825
1855 1707 1733 1705
1856 1707 1728 1830
1857 1707 1763 1848
1858 1707 1720 1825
1859 1707 1763 1705
1862 1708 1708 1592
1863 1708 1711 1794
1864 1708 1720 1605
1865 1708 1712 1592
1866 1708 1711 1794
1867 1708 1743 1605
1870 1709 1723 1770
1871 1709 1757 1681
1872 1709 1709 1862
1873 1709 1732 1770
1874 1709 1716 1681
1875 1709 1711 1862
1878 1710 1720 1327
1880 1710 1763 1327
1886 1711 1763 0
1887 1711 1755 1600
1888 1711 1763 1600
1889 1711 1715 1829
1890 1711 1749 1829
1892 1712 1732 1411
1893 1712 1729 1411
1894 1712 1712 1863
1895 1712 1735 1675
1897 1712 1713 1863
1898 1712 1713 1675
1904 1713 1724 1865
1905 1713 1723 1847
1907 1713 1763 1543
1908 1713 1715 1865
1909 1713 1720 1847
1911 1713 1720 1543
1913 1714 1719 1897
1914 1714 1717 1898
1915 1714 1720 1646
1916 1714 1747 1566
1917 1714 1717 1897
1918 1714 1737 1898
1919 1714 1719 1646
1920 1714 1719 1566
1924 1715 1744 1570
1926 1715 1736 1570
1931 1716 1721 1889
1932 1716 1728 1713
1933 1716 1740 1908
1935 1716 1722 1889
1936 1716 1717 1713
1937 1716 1721 1908
1942 1717 1722 1782
1943 1717 1724 1874
1944 1717 1739 1782
1945 1717 1717 1874
1950 1718 1752 0
1953 1718 1738 1945
1954 1718 1763 1720
1955 1718 1718 1914
1956 1718 1763 1619
1957 1718 1719 1945
1958 1718 1763 1720
1959 1718 1732 1914
1960 1718 1759 1619
1963 1719 1720 1955
1964 1719 1731 1821
1968 1719 1725 1955
1969 1719 1735 1821
1973 1720 1729 1689
1974 1720 1763 1689
1975 1720 1763 1832
1977 1720 1726 1919
1978 1720 1759 1832
1980 1720 1763 1919
1983 1721 1726 1404
1984 1721 1734 1850
1985 1721 1726 1909
1986 1721 1726 1858
1987 1721 1721 1663
1988 1721 1733 1745
1989 1721 1757 1864
1990 1721 1735 1850
1991 1721 1732 1909
1992 1721 1731 1858
1993 1721 1735 1663
1994 1721 1733 1745
1995 1721 1728 1864
2000 1722 1740 1931
2001 1722 1763 1931
2002 1722 1763 1786
2004 1722 1727 1796
2005 1722 1746 1987
2006 1722 1763 1698
2007 1722 1744 1703
2008 1722 1723 1786
2010 1722 1763 1796
2011 1722 1722 1987
2012 1722 1743 1698
2013 1722 1733 1703
2018 1723 1735 1942
2019 1723 1740 2011
2020 1723 1732 1942
2021 1723 1723 2011
2024 1724 1735 2021
2025 1724 1763 1696
2026 1724 1735 1548
2028 1724 1726 2021
2029 1724 1759 1696
2030 1724 1735 1548
2033 1725 1763 1943
2034 1725 1759 1943
2035 1725 1731 1904
2036 1725 1763 1904
2039 1726 1757 1647
2040 1726 1735 1968
2041 1726 1757 1647
2042 1726 1760 1968
2045 1727 1739 1985
2046 1727 1750 2028
2047 1727 1727 1985
2048 1727 1758 2028
2051 1728 1732 2047
2052 1728 1753 2004
2053 1728 1731 2047
2054 1728 1752 2004
2056 1729 1752 1932
2057 1729 1763 1932
2058 1730 1731 1973
2059 1730 1763 1973
2061 1731 1763 0
2063 1731 1738 0
2066 1732 1763 0
2067 1732 1763 1568
2068 1732 1744 1568
2069 1732 1763 2035
2070 1732 1739 1964
2071 1732 1763 2053
2073 1732 1763 2035
2074 1732 1763 1964
2075 1732 1732 2053
2080 1733 1733 0
2083 1733 1747 1892
2084 1733 1763 2020
2085 1733 1763 1843
2086 1733 1746 2075
2087 1733 1733 1824
2088 1733 1747 1789
2090 1733 1746 1892
2091 1733 1735 2020
2092 1733 1738 1843
2093 1733 1741 2075
2094 1733 1737 1824
2095 1733 1744 1789
2100 1734 1734 2087
2101 1734 1735 1988
2103 1734 1759 1699
2104 1734 1736 2013
2105 1734 1761 2087
2106 1734 1738 1988
2108 1734 1763 1699
2109 1734 1736 2013
2111 1735 1763 2100
2112 1735 1735 2100
2114 1736 1738 2040
2115 1736 1763 2018
2116 1736 1763 2030
2117 1736 1759 1810
2118 1736 1740 2112
2119 1736 1750 2101
2120 1736 1758 2040
2121 1736 1763 2018
2122 1736 1763 2030
2123 1736 1763 1810
2124 1736 1740 2112
2125 1736 1737 2101
2126 1737 1763 1771
2127 1737 1763 2109
2128 1737 1744 2104
2129 1737 1741 1771
2130 1737 1750 2109
2131 1737 1750 2104
2133 1738 1763 1918
2134 1738 1744 2094
2135 1738 1759 2125
2136 1738 1740 1918
2137 1738 1748 2094
2138 1738 1739 2125
2140 1739 1763 2092
2141 1739 1740 2114
2142 1739 1763 1628
2144 1739 1763 2092
2145 1739 1743 2114
2146 1739 1750 1628
2149 1740 1741 1944
2150 1740 1763 2070
2151 1740 1763 1944
2152 1740 1763 2070
2155 1741 1763 2000
2156 1741 1750 2118
2157 1741 1748 2019
2158 1741 1748 2000
2159 1741 1743 2118
2160 1741 1759 2019
2163 1742 1763 0
2164 1742 1750 2129
2168 1742 1743 2129
2172 1743 1744 1804
2173 1743 1744 1804
2176 1744 1763 0
2177 1744 1745 0
2178 1744 1753 2145
2179 1744 1763 2168
2180 1744 1754 2145
2181 1744 1763 2168
2186 1745 1763 2173
2188 1745 1745 2134
2189 1745 1763 2172
2190 1745 1763 2128
2191 1745 1763 1924
2192 1745 1755 2173
2194 1745 1747 2134
2195 1745 1763 2172
2196 1745 1763 2128
2197 1745 1757 1924
2200 1746 1747 2188
2201 1746 1747 2188
2203 1747 1763 2086
2204 1747 1763 2005
2205 1747 1763 2090
2206 1747 1763 1665
2207 1747 1751 2086
2208 1747 1751 2005
2209 1747 1759 2090
2210 1747 1763 1665
2213 1748 1749 1780
2214 1748 1759 1780
2216 1748 1763 2200
2217 1748 1759 2083
2218 1748 1748 1695
2220 1748 1761 2200
2221 1748 1763 2083
2222 1748 1759 1695
2224 1749 1760 2137
2225 1749 1763 2158
2226 1749 1758 2157
2227 1749 1763 2218
2228 1749 1750 2137
2229 1749 1763 2158
2230 1749 1763 2157
2231 1749 1763 2218
2234 1750 1763 1890
2235 1750 1763 2213
2236 1750 1763 1535
2237 1750 1758 1890
2238 1750 1763 2213
2239 1750 1750 1535
2242 1751 1763 1669
2243 1751 1763 1669
2244 1751 1755 2046
2245 1751 1763 2119
2246 1751 1753 2239
2247 1751 1752 2130
2248 1751 1752 2046
2249 1751 1763 2119
2250 1751 1763 2239
2251 1751 1753 2130
2253 1752 1758 1747
2254 1752 1763 1747
2255 1752 1763 2207
2256 1752 1763 1844
2258 1752 1755 2207
2259 1752 1761 1844
2264 1753 1763 1950
2265 1753 1763 1950
2267 1753 1759 2248
2268 1753 1763 2054
2270 1753 1763 2248
2271 1753 1759 2054
2277 1754 1759 2246
2278 1754 1763 2251
2279 1754 1755 2246
2280 1754 1755 2251
2285 1755 1763 2180
2286 1755 1759 1840
2289 1755 1760 2180
2290 1755 1763 1840
2294 1756 1762 1653
2295 1756 1763 2258
2296 1756 1763 2244
2297 1756 1763 2192
2298 1756 1763 2280
2299 1756 1762 1653
2300 1756 1763 2258
2301 1756 1760 2244
2302 1756 1760 2192
2303 1756 1763 2280
2305 1757 1757 0
2306 1757 1761 1827
2307 1757 1758 1827
2310 1758 1763 2041
2311 1758 1763 1871
2312 1758 1762 1989
2314 1758 1763 2197
2315 1758 1763 2041
2316 1758 1759 1871
2317 1758 1763 1989
2319 1758 1763 2197
2327 1759 1759 2237
2329 1759 1763 2120
2330 1759 1759 2048
2331 1759 1763 2226
2332 1759 1759 2253
2333 1759 1763 1577
2334 1759 1763 661
2336 1759 1763 2237
2338 1759 1763 2120
2339 1759 1763 2048
2340 1759 1759 2226
2341 1759 1763 2253
2342 1759 1763 1577
2343 1759 1763 661
2354 1760 1763 0
2355 1760 1763 0
2356 1760 1763 0
2357 1760 1763 0
2359 1760 1763 2209
2360 1760 1763 2286
2362 1760 1763 2316
2363 1760 1763 2034
2364 1760 1763 1815
2365 1760 1763 2277
2366 1760 1763 2330
2367 1760 1763 2267
2368 1760 1763 2160
2369 1760 1763 2340
2370 1760 1763 1596
2371 1760 1763 2222
2372 1760 1763 2103
2373 1760 1763 1960
2374 1760 1763 2332
2376 1760 1763 2209
2377 1760 1763 2286
2379 1760 1762 2316
2380 1760 1763 2034
2381 1760 1760 1815
2382 1760 1763 2277
2383 1760 1763 2330
2384 1760 1763 2267
2385 1760 1763 2160
2386 1760 1763 2340
2387 1760 1763 1596
2388 1760 1763 2222
2389 1760 1763 2103
2390 1760 1761 1960
2391 1760 1763 2332
2396 1761 1763 2381
2397 1761 1763 2301
2398 1761 1763 2224
2399 1761 1763 2302
2400 1761 1763 2381
2401 1761 1763 2301
2402 1761 1763 2224
2403 1761 1763 2302
2408 1762 1763 1719
2409 1762 1763 2259
2410 1762 1762 2105
2411 1762 1763 2390
2413 1762 1763 1719
2414 1762 1763 2259
2415 1762 1763 2105
2416 1762 1763 2390
2423 1763 1763 1626
2424 1763 1763 1626
2425 1763 1763 2410
2426 1763 1763 2294
2427 1763 1763 2299
2428 1763 1763 2312
2429 1763 1763 2410
2430 1763 1763 2294
2431 1763 1763 2299
2432 1763 1763 2312
2439 750 756 0
2440 750 756 0
2470 1421 1432 0
2471 1421 1432 0
2692 1725 1726 0
2693 1725 1726 0
2700 1727 1730 0
2701 1727 1730 0
2798 1761 1763 1512
2799 1761 1763 1512
