1 0 98 0
2 0 12 0
3 0 43 0
5 0 114 0
6 0 114 0
7 0 114 0
9 2 2 0
13 3 4 0
14 5 32 0
15 6 6 13
16 6 6 13
18 10 12 0
22 19 23 0
23 24 24 22
24 24 24 22
25 26 114 0
29 30 30 0
30 33 35 0
31 33 36 14
32 33 48 14
34 37 90 0
35 38 39 0
41 42 45 0
42 43 63 0
43 43 43 0
44 44 104 0
45 44 114 3
46 44 49 3
47 49 61 32
48 49 75 32
56 61 71 0
58 68 70 0
59 72 114 56
60 72 98 56
65 82 82 0
66 89 89 0
67 92 101 0
68 92 93 0
69 96 112 0
70 98 114 0
73 102 102 0
74 102 102 0
76 105 114 0
77 105 109 44
78 105 114 44
79 107 107 0
80 109 109 0
81 112 114 0
82 113 114 69
83 113 114 69
