1 0 11 0
2 0 11 0
3 0 2 0
4 0 11 0
5 0 11 0
6 0 1 0
7 0 11 0
8 0 7 0
9 0 11 0
10 0 11 0
11 0 11 0
14 0 8 0
15 0 3 0
16 0 0 0
17 0 4 0
18 0 3 0
20 0 9 0
21 0 11 0
22 0 11 0
23 0 1 0
24 0 11 0
25 0 10 0
26 0 11 0
27 0 11 0
28 0 10 0
29 0 1 0
30 0 0 0
33 1 2 16
34 1 3 16
39 2 5 6
40 2 11 6
43 3 11 3
44 3 10 33
45 3 11 3
46 3 11 33
48 4 9 15
49 4 5 15
50 4 11 18
51 4 11 18
52 5 11 17
53 5 11 17
55 6 11 39
56 6 11 39
61 7 10 0
63 8 11 0
64 8 11 8
65 8 11 8
74 9 11 14
75 9 11 14
82 10 11 48
83 10 11 48
85 11 11 44
86 11 11 44
91 11 11 28
92 11 11 28
