1 0 1 0
2 0 16 0
3 0 12 0
4 0 27 0
5 0 19 0
6 0 52 0
7 0 19 0
8 0 21 0
9 0 53 0
10 0 25 0
11 0 35 0
12 0 11 0
13 0 24 0
14 2 7 1
15 2 6 1
16 4 4 0
17 4 4 0
18 6 6 0
19 8 10 14
20 8 8 14
21 8 8 0
22 9 9 0
23 9 9 0
24 10 10 0
25 11 11 0
26 11 13 19
27 11 11 19
28 11 11 0
29 12 17 12
30 12 68 12
31 13 13 0
32 13 69 3
33 13 137 3
34 14 43 26
35 14 14 26
36 15 15 0
37 16 16 0
38 17 27 2
39 17 67 2
40 17 17 0
41 17 17 0
42 18 18 0
43 18 18 29
44 18 20 29
45 19 19 0
46 20 20 0
47 20 20 0
48 20 20 5
49 20 20 5
50 20 76 7
51 20 68 7
52 21 29 44
53 21 22 44
54 22 69 8
55 22 76 8
56 23 23 0
57 23 23 0
58 24 24 0
59 24 24 0
60 24 24 0
61 25 26 0
62 25 25 0
63 26 82 10
64 26 80 10
65 28 28 0
66 28 28 0
67 28 70 38
68 28 29 38
69 28 83 4
70 28 80 4
71 29 29 0
72 29 41 0
73 30 39 52
74 30 30 52
75 31 31 0
76 31 32 0
77 31 31 0
78 36 36 0
79 36 43 11
80 36 37 11
81 37 37 0
82 38 38 0
83 38 41 80
84 38 38 80
85 40 43 73
86 40 46 73
87 40 40 0
88 41 41 0
89 42 54 72
90 42 98 72
91 42 43 83
92 42 42 83
93 42 43 83
94 42 42 0
95 42 42 0
96 43 43 0
97 43 62 0
98 44 92 34
99 44 101 34
100 44 96 79
101 44 44 79
102 44 44 91
103 44 44 91
104 44 44 93
105 44 89 93
106 47 66 86
107 47 47 86
108 48 48 0
109 49 49 0
110 49 51 0
111 50 50 0
112 50 50 0
113 53 53 0
114 53 53 0
115 53 104 6
116 53 87 6
117 54 54 0
118 54 54 0
119 54 76 9
120 54 110 9
121 55 56 0
122 55 73 89
123 55 57 89
124 56 56 0
125 58 58 0
126 58 58 0
127 58 58 0
128 58 58 0
129 59 59 0
130 60 60 0
131 60 60 0
132 63 67 97
133 63 63 97
134 65 65 0
135 65 65 0
136 65 120 0
137 66 66 0
138 66 68 0
139 66 66 0
140 67 68 106
141 67 67 106
142 68 137 39
143 68 103 39
144 68 69 132
145 68 68 132
146 69 69 0
147 69 72 0
148 69 73 51
149 69 69 51
150 69 70 51
151 69 84 140
152 69 69 140
153 69 101 30
154 69 127 30
155 69 91 0
156 70 121 32
157 70 125 32
158 70 70 54
159 70 72 54
160 70 76 152
161 70 70 152
162 70 93 144
163 70 70 144
164 71 124 67
165 71 82 67
166 71 71 0
167 73 98 0
168 73 111 159
169 73 76 159
170 74 74 122
171 74 96 122
172 74 78 148
173 74 74 148
174 75 76 0
175 77 77 0
176 77 135 50
177 77 78 50
178 77 136 169
179 77 82 169
180 77 117 55
181 77 136 55
182 77 79 160
183 77 78 160
184 79 135 172
185 79 133 172
186 79 132 0
187 80 80 0
188 80 87 182
189 80 86 182
190 81 137 70
191 81 83 70
192 81 136 64
193 81 131 64
194 83 119 165
195 83 83 165
196 83 83 0
197 83 101 179
198 83 83 179
199 83 135 63
200 83 137 63
201 84 84 0
202 84 137 69
203 84 137 69
204 84 91 191
205 84 84 191
206 85 98 151
207 85 85 151
208 86 87 0
209 87 87 0
210 88 89 116
211 88 88 116
212 88 91 188
213 88 94 188
214 89 89 0
215 90 108 210
216 90 90 210
217 90 90 105
218 90 91 105
219 90 123 105
220 91 91 0
221 92 94 204
222 92 92 204
223 92 94 218
224 92 92 218
225 92 116 155
226 92 120 155
227 93 112 0
228 93 97 98
229 93 93 98
230 94 114 162
231 94 125 162
232 95 96 221
233 95 95 221
234 95 97 223
235 95 95 223
236 95 97 213
237 95 95 213
238 97 137 171
239 97 137 171
240 97 113 232
241 97 97 232
242 97 104 100
243 97 137 100
244 98 137 228
245 98 125 228
246 98 101 234
247 98 98 234
248 98 98 236
249 98 117 236
250 99 137 90
251 99 137 90
252 99 99 206
253 99 102 206
254 99 99 206
255 100 100 0
256 101 101 0
257 102 110 0
258 102 137 99
259 102 118 99
260 102 137 197
261 102 132 197
262 102 102 246
263 102 107 246
264 102 122 153
265 102 107 153
266 103 103 0
267 103 104 253
268 103 103 253
269 104 121 143
270 104 104 143
271 105 137 115
272 105 111 115
273 105 108 242
274 105 105 242
275 105 118 267
276 105 105 267
277 108 108 263
278 108 112 263
279 109 137 215
280 109 114 215
281 109 110 273
282 109 109 273
283 111 111 257
284 111 111 257
285 111 137 120
286 111 118 120
287 111 111 120
288 111 126 281
289 111 112 281
290 112 112 0
291 112 128 168
292 112 112 168
293 112 116 272
294 112 112 272
295 113 113 0
296 113 114 227
297 113 128 227
298 113 116 278
299 113 113 278
300 114 115 240
301 114 129 240
302 115 115 296
303 115 136 296
304 115 116 280
305 115 115 280
306 115 135 280
307 115 115 230
308 115 117 230
309 117 117 304
310 117 117 304
311 117 123 293
312 117 118 293
313 117 119 298
314 117 117 298
315 117 137 225
316 117 117 225
317 118 119 0
318 118 118 0
319 118 124 180
320 118 118 180
321 118 122 308
322 118 120 308
323 118 118 249
324 118 122 249
325 119 119 259
326 119 137 259
327 119 121 286
328 119 122 286
329 119 137 275
330 119 137 275
331 120 120 194
332 120 121 194
333 120 137 0
334 120 122 313
335 120 121 313
336 121 122 0
337 121 137 136
338 121 137 136
339 122 137 332
340 122 137 332
341 122 137 269
342 122 137 269
343 122 137 156
344 122 137 156
345 123 126 328
346 123 124 328
347 123 126 334
348 123 123 334
349 123 135 321
350 123 123 321
351 123 125 264
352 123 137 264
353 123 137 324
354 123 137 324
355 124 124 0
356 124 125 311
357 124 137 311
358 124 124 219
359 124 128 219
360 125 125 164
361 125 137 164
362 125 126 319
363 125 127 319
364 126 126 0
365 126 137 360
366 126 126 360
367 126 126 245
368 126 136 245
369 126 128 157
370 126 127 157
371 126 137 157
372 126 137 351
373 126 126 351
374 127 132 345
375 127 137 345
376 127 130 288
377 127 131 288
378 127 128 347
379 127 133 347
380 128 128 363
381 128 130 363
382 128 128 363
383 128 137 154
384 128 133 154
385 129 137 369
386 129 131 369
387 129 137 291
388 129 137 291
389 129 136 378
390 129 130 378
391 129 132 359
392 129 133 359
393 130 130 0
394 130 132 301
395 130 130 301
396 131 137 381
397 131 137 381
398 132 132 0
399 132 137 0
400 132 132 377
401 132 135 377
402 132 137 193
403 132 137 193
404 133 136 394
405 133 133 394
406 133 133 261
407 133 134 261
408 133 137 186
409 133 135 186
410 134 135 185
411 134 134 185
412 134 135 392
413 134 137 392
414 135 135 407
415 135 137 407
416 136 137 176
417 136 137 176
418 136 137 184
419 136 137 184
420 136 137 410
421 136 137 410
422 136 137 199
423 136 137 199
424 136 137 306
425 136 137 306
426 136 137 401
427 136 137 401
428 136 137 349
429 136 137 349
430 136 136 0
431 137 137 368
432 137 137 368
433 137 137 404
434 137 137 404
435 137 137 0
436 137 137 178
437 137 137 178
438 137 137 181
439 137 137 181
440 137 137 192
441 137 137 192
442 137 137 389
443 137 137 389
444 137 137 0
