1 0 39 0
2 0 44 0
3 0 22 0
4 0 0 0
5 0 132 0
6 0 69 0
7 0 88 0
8 0 70 0
9 0 0 0
10 0 115 0
11 0 200 0
12 0 7 0
13 0 110 0
14 0 6 0
15 0 35 0
16 0 72 0
17 0 57 0
18 0 101 0
19 0 0 0
20 0 0 0
21 0 17 0
22 0 20 0
23 0 109 0
24 0 74 0
25 0 2 0
26 0 0 0
27 0 63 0
28 0 15 0
29 0 19 0
30 0 46 0
31 0 26 0
32 0 47 0
33 0 173 0
34 0 24 0
35 0 68 0
36 0 77 0
37 0 25 0
38 0 11 0
39 0 84 0
40 0 51 0
41 0 34 0
42 0 82 0
43 0 84 0
44 0 196 0
45 0 11 0
46 0 187 0
47 0 82 0
48 0 64 0
49 0 48 0
50 0 54 0
51 0 48 0
52 0 57 0
53 0 127 0
54 0 72 0
55 0 19 0
56 0 20 0
57 0 129 0
58 0 105 0
59 0 19 0
60 0 51 0
61 0 15 0
62 0 142 0
63 0 129 0
64 0 62 0
65 0 102 0
66 0 89 0
67 0 82 0
68 0 60 0
69 0 62 0
70 0 60 0
71 0 15 0
72 0 60 0
73 1 2 9
74 1 46 9
75 1 1 0
76 1 1 0
77 1 49 0
78 1 1 0
79 2 2 0
80 2 3 78
81 2 2 78
82 3 3 0
83 3 19 0
84 3 4 25
85 3 4 25
86 4 4 0
87 4 4 0
88 4 5 80
89 4 4 80
90 5 5 0
91 5 5 84
92 5 5 84
93 6 6 0
94 6 6 0
95 6 6 92
96 6 6 92
97 6 6 0
98 6 6 0
99 6 6 0
100 6 81 88
101 6 6 88
102 7 7 0
103 7 16 14
104 7 7 14
105 7 7 95
106 7 7 95
107 7 7 0
108 8 8 12
109 8 88 12
110 8 11 106
111 8 11 106
112 8 8 0
113 9 9 0
114 9 9 0
115 9 9 0
116 10 10 0
117 10 10 0
118 11 11 0
119 11 11 0
120 11 11 0
121 12 14 0
122 12 110 111
123 12 130 111
124 12 112 38
125 12 115 38
126 12 12 0
127 12 88 45
128 12 87 45
129 12 12 0
130 13 13 0
131 13 20 0
132 14 14 0
133 15 15 0
134 15 15 0
135 16 16 0
136 16 16 61
137 16 17 61
138 16 44 71
139 16 76 71
140 17 18 103
141 17 17 103
142 18 53 21
143 18 55 21
144 18 19 137
145 18 19 137
146 19 19 0
147 19 24 140
148 19 20 140
149 19 19 0
150 20 20 0
151 20 20 29
152 20 23 29
153 20 20 0
154 20 93 59
155 20 76 59
156 20 20 145
157 20 49 145
158 21 21 0
159 21 92 0
160 21 23 22
161 21 21 22
162 21 21 0
163 21 23 0
164 21 22 0
165 21 21 56
166 21 21 56
167 22 22 0
168 22 215 165
169 22 118 165
170 23 152 3
171 23 54 3
172 23 23 0
173 24 24 0
174 24 37 160
175 24 131 160
176 24 24 152
177 24 24 152
178 24 29 0
179 25 25 147
180 25 25 147
181 25 25 0
182 25 25 176
183 25 25 176
184 25 176 34
185 25 118 34
186 25 88 0
187 26 26 179
188 26 26 179
189 26 107 183
190 26 36 183
191 26 90 37
192 26 91 37
193 27 27 187
194 27 27 187
195 27 29 31
196 27 30 31
197 28 29 193
198 28 29 193
199 28 77 0
200 30 31 197
201 30 31 197
202 30 30 0
203 31 97 196
204 31 94 196
205 31 31 0
206 32 34 200
207 32 32 200
208 32 32 0
209 33 35 0
210 34 34 0
211 35 38 206
212 35 35 206
213 35 35 41
214 35 35 41
215 35 35 0
216 36 108 15
217 36 103 15
218 36 115 214
219 36 106 214
220 36 37 0
221 37 117 0
222 37 37 190
223 37 95 190
224 38 41 174
225 38 38 174
226 38 42 0
227 38 38 0
228 39 39 211
229 39 40 211
230 39 39 0
231 40 40 0
232 41 42 229
233 41 41 229
234 41 41 0
235 42 42 0
236 42 42 224
237 42 43 224
238 43 67 232
239 43 44 232
240 43 43 0
241 44 82 237
242 44 82 237
243 44 44 0
244 44 44 0
245 45 45 0
246 45 45 0
247 45 45 0
248 46 46 0
249 46 46 0
250 47 47 74
251 47 47 74
252 47 47 30
253 47 47 30
254 47 47 0
255 47 48 0
256 48 48 0
257 48 48 0
258 48 57 250
259 48 142 250
260 48 123 253
261 48 118 253
262 48 202 32
263 48 68 32
264 48 142 32
265 48 48 0
266 49 49 0
267 49 50 0
268 49 49 0
269 49 51 51
270 49 162 51
271 50 50 0
272 50 50 0
273 50 50 0
274 50 112 157
275 50 135 157
276 51 51 0
277 51 51 0
278 51 51 0
279 52 52 0
280 52 177 40
281 52 52 40
282 52 59 269
283 52 127 269
284 53 53 0
285 53 53 0
286 54 54 0
287 54 98 0
288 55 174 0
289 55 56 0
290 55 117 50
291 55 113 50
292 55 55 0
293 56 56 0
294 56 56 143
295 56 63 143
296 56 56 0
297 57 60 0
298 57 57 0
299 57 58 0
300 58 63 258
301 58 60 258
302 58 126 17
303 58 129 17
304 58 58 0
305 59 59 0
306 59 59 0
307 60 60 0
308 60 297 282
309 60 125 282
310 60 61 0
311 60 60 0
312 61 62 0
313 61 61 0
314 61 61 0
315 61 201 68
316 61 80 68
317 61 117 72
318 61 63 72
319 62 63 0
320 62 124 310
321 62 124 310
322 62 62 0
323 63 63 0
324 63 126 64
325 63 124 64
326 63 63 0
327 63 63 69
328 63 72 69
329 64 64 300
330 64 64 300
331 64 64 0
332 64 98 295
333 64 108 295
334 64 66 27
335 64 65 27
336 64 64 0
337 64 64 0
338 65 66 0
339 65 65 0
340 65 131 329
341 65 141 329
342 65 68 0
343 65 66 48
344 65 68 48
345 65 65 0
346 66 66 0
347 66 66 0
348 67 67 0
349 67 90 334
350 67 67 334
351 67 67 0
352 68 68 0
353 68 69 238
354 68 69 238
355 69 69 0
356 69 74 35
357 69 167 35
358 69 69 344
359 69 69 344
360 70 71 6
361 70 70 6
362 70 77 0
363 70 71 353
364 70 71 353
365 70 70 0
366 70 70 358
367 70 70 358
368 70 70 0
369 71 152 8
370 71 149 8
371 71 72 0
372 71 232 367
373 71 73 367
374 72 94 0
375 72 129 360
376 72 125 360
377 72 75 363
378 72 75 363
379 72 72 0
380 72 72 0
381 72 72 0
382 72 72 0
383 72 72 0
384 72 72 0
385 73 127 16
386 73 193 16
387 73 73 0
388 73 104 54
389 73 77 54
390 73 130 328
391 73 133 328
392 74 74 0
393 74 74 0
394 74 74 373
395 74 216 373
396 74 74 0
397 74 74 0
398 75 135 24
399 75 173 24
400 75 75 356
401 75 77 356
402 75 77 0
403 75 75 0
404 75 75 0
405 75 75 0
406 75 75 0
407 75 75 0
408 75 75 0
409 76 80 377
410 76 79 377
411 76 76 0
412 76 76 0
413 76 76 0
414 76 76 0
415 76 76 0
416 76 76 0
417 76 76 0
418 76 76 0
419 76 76 0
420 77 77 0
421 77 77 0
422 77 77 0
423 77 77 0
424 77 77 0
425 77 93 155
426 77 77 155
427 78 81 0
428 78 142 401
429 78 151 401
430 78 164 36
431 78 169 36
432 78 78 0
433 78 78 0
434 78 78 0
435 78 78 389
436 78 151 389
437 78 78 0
438 78 78 0
439 79 81 0
440 79 79 0
441 79 79 0
442 79 79 0
443 79 79 0
444 79 79 0
445 79 90 0
446 80 80 0
447 80 80 0
448 80 80 0
449 80 80 0
450 80 80 0
451 80 80 0
452 81 81 409
453 81 81 409
454 81 81 0
455 81 81 0
456 81 81 0
457 81 81 0
458 81 81 0
459 81 81 0
460 81 89 316
461 81 103 316
462 82 110 0
463 82 83 452
464 82 82 452
465 82 83 0
466 82 84 100
467 82 92 100
468 82 82 0
469 82 82 0
470 82 82 0
471 82 82 0
472 83 96 242
473 83 96 242
474 83 155 42
475 83 155 42
476 83 83 47
477 83 84 47
478 83 83 0
479 83 83 0
480 83 83 0
481 83 83 0
482 83 83 67
483 83 88 67
484 84 87 463
485 84 86 463
486 84 86 0
487 84 84 0
488 84 84 0
489 84 84 0
490 84 84 0
491 84 84 0
492 84 84 0
493 85 85 39
494 85 85 39
495 85 155 43
496 85 162 43
497 85 85 477
498 85 89 477
499 86 155 493
500 86 156 493
501 87 88 0
502 88 89 484
503 88 88 484
504 89 151 109
505 89 109 109
506 89 151 7
507 89 131 7
508 89 89 0
509 89 91 127
510 89 89 127
511 90 91 502
512 90 91 502
513 90 90 0
514 90 176 498
515 90 176 498
516 90 94 0
517 90 93 0
518 91 104 349
519 91 97 349
520 91 91 0
521 91 140 445
522 91 140 445
523 91 91 0
524 92 92 511
525 92 92 511
526 92 93 192
527 92 156 192
528 92 95 0
529 92 96 509
530 92 175 509
531 93 95 524
532 93 95 524
533 93 95 159
534 93 104 159
535 93 124 467
536 93 93 467
537 94 137 0
538 94 118 526
539 94 98 526
540 94 161 154
541 94 97 154
542 94 94 0
543 94 160 425
544 94 155 425
545 94 112 517
546 94 299 517
547 94 171 0
548 95 95 204
549 95 156 204
550 95 131 516
551 95 168 516
552 96 103 531
553 96 108 531
554 96 113 223
555 96 152 223
556 96 145 0
557 97 98 0
558 97 105 0
559 97 123 473
560 97 128 473
561 97 182 529
562 97 97 529
563 97 105 0
564 98 98 203
565 98 98 203
566 98 192 562
567 98 174 562
568 98 169 0
569 99 226 565
570 99 100 565
571 99 173 539
572 99 118 539
573 100 148 0
574 101 153 570
575 101 159 570
576 102 104 18
577 102 112 18
578 102 105 0
579 103 165 65
580 103 175 65
581 104 104 0
582 104 104 217
583 104 111 217
584 104 127 461
585 104 168 461
586 105 105 534
587 105 110 534
588 105 131 576
589 105 125 576
590 105 150 518
591 105 146 518
592 105 167 388
593 105 114 388
594 106 106 0
595 106 106 558
596 106 109 558
597 106 191 58
598 106 182 58
599 107 108 0
600 107 108 219
601 107 107 219
602 107 107 0
603 107 107 0
604 108 108 0
605 108 140 189
606 108 119 189
607 109 203 553
608 109 123 553
609 109 109 599
610 109 109 599
611 109 109 333
612 109 109 333
613 109 132 600
614 109 162 600
615 109 109 0
616 109 109 0
617 110 113 505
618 110 182 505
619 110 110 609
620 110 114 609
621 110 110 596
622 110 127 596
623 110 234 612
624 110 178 612
625 110 178 23
626 110 183 23
627 111 111 462
628 111 111 462
629 111 184 13
630 111 193 13
631 111 111 587
632 111 114 587
633 111 111 122
634 111 111 122
635 112 116 627
636 112 114 627
637 112 184 583
638 112 185 583
639 112 204 633
640 112 206 633
641 113 113 0
642 113 113 577
643 113 128 577
644 113 186 124
645 113 186 124
646 113 113 0
647 113 114 274
648 113 119 274
649 113 113 545
650 113 113 545
651 114 155 617
652 114 184 617
653 114 116 554
654 114 116 554
655 114 169 291
656 114 151 291
657 114 117 649
658 114 116 649
659 115 115 0
660 115 116 632
661 115 116 632
662 115 115 0
663 115 156 593
664 115 115 593
665 116 116 0
666 116 145 10
667 116 116 10
668 116 116 0
669 116 155 218
670 116 127 218
671 116 165 125
672 116 168 125
673 116 116 0
674 116 124 0
675 117 118 0
676 117 117 0
677 117 117 0
678 117 118 660
679 117 124 660
680 117 117 654
681 117 120 654
682 118 121 221
683 118 120 221
684 118 118 0
685 118 122 0
686 118 193 657
687 118 118 657
688 119 119 0
689 119 124 0
690 119 125 261
691 119 177 261
692 119 172 185
693 119 120 185
694 119 150 572
695 119 161 572
696 119 120 0
697 119 190 169
698 119 182 169
699 120 120 688
700 120 120 688
701 120 120 606
702 120 163 606
703 120 131 648
704 120 120 648
705 121 121 699
706 121 121 699
707 121 121 681
708 121 154 681
709 121 180 693
710 121 180 693
711 121 150 0
712 122 122 682
713 122 122 682
714 122 123 706
715 122 122 706
716 123 172 712
717 123 163 712
718 123 123 0
719 123 132 685
720 123 130 685
721 124 126 608
722 124 126 608
723 124 184 559
724 124 184 559
725 124 199 0
726 125 125 0
727 125 125 0
728 125 125 0
729 125 125 679
730 125 125 679
731 125 140 535
732 125 139 535
733 125 126 321
734 125 126 321
735 125 140 325
736 125 144 325
737 126 126 0
738 126 126 0
739 126 142 376
740 126 126 376
741 126 127 729
742 126 134 729
743 126 202 690
744 126 128 690
745 126 126 0
746 126 198 309
747 126 203 309
748 126 203 0
749 127 127 0
750 127 176 302
751 127 136 302
752 127 134 722
753 127 134 722
754 127 145 0
755 127 197 734
756 127 131 734
757 127 198 324
758 127 183 324
759 128 128 0
760 128 129 0
761 128 130 385
762 128 129 385
763 128 128 622
764 128 128 622
765 128 206 53
766 128 299 53
767 128 182 283
768 128 299 283
769 128 134 584
770 128 134 584
771 129 129 0
772 129 134 763
773 129 165 763
774 129 136 643
775 129 159 643
776 129 194 560
777 129 188 560
778 129 174 744
779 129 200 744
780 130 130 0
781 130 130 375
782 130 130 375
783 130 130 0
784 130 193 303
785 130 131 303
786 130 130 0
787 130 137 57
788 130 135 57
789 130 217 63
790 130 208 63
791 131 133 0
792 131 131 781
793 131 169 781
794 131 131 0
795 131 132 761
796 131 131 761
797 131 131 123
798 131 131 123
799 131 211 390
800 131 194 390
801 132 169 340
802 132 186 340
803 132 132 0
804 132 150 797
805 132 147 797
806 132 204 175
807 132 196 175
808 132 147 756
809 132 147 756
810 132 199 756
811 132 134 703
812 132 217 703
813 132 135 550
814 132 133 550
815 133 133 0
816 133 162 5
817 133 144 5
818 133 138 795
819 133 135 795
820 133 133 613
821 133 133 613
822 134 134 0
823 134 134 0
824 134 180 820
825 134 161 820
826 134 211 391
827 134 144 391
828 135 135 823
829 135 135 823
830 135 135 753
831 135 159 753
832 135 135 742
833 135 135 742
834 135 136 811
835 135 137 811
836 135 137 770
837 135 137 770
838 136 136 0
839 136 138 833
840 136 162 833
841 136 139 398
842 136 138 398
843 136 136 0
844 136 209 275
845 136 200 275
846 136 184 813
847 136 151 813
848 136 181 813
849 137 137 0
850 137 137 0
851 137 173 774
852 137 162 774
853 137 138 751
854 137 137 751
855 138 138 0
856 138 218 835
857 138 220 835
858 138 139 787
859 138 140 787
860 138 138 836
861 138 141 836
862 139 139 0
863 139 139 0
864 139 139 818
865 139 139 818
866 139 146 853
867 139 140 853
868 140 140 0
869 140 144 0
870 140 189 864
871 140 141 864
872 140 140 841
873 140 185 841
874 140 206 732
875 140 140 732
876 141 142 0
877 141 141 605
878 141 141 605
879 141 148 731
880 141 148 731
881 141 142 859
882 141 141 859
883 141 146 521
884 141 144 521
885 142 143 341
886 142 142 341
887 142 152 871
888 142 159 871
889 142 147 877
890 142 145 877
891 142 205 861
892 142 180 861
893 143 143 0
894 143 143 739
895 143 143 739
896 143 144 259
897 143 143 259
898 143 143 264
899 143 143 264
900 143 165 428
901 143 144 428
902 143 167 881
903 143 199 881
904 143 144 62
905 143 148 62
906 144 145 0
907 144 145 895
908 144 144 895
909 144 144 0
910 144 148 898
911 144 148 898
912 144 205 898
913 145 145 817
914 145 145 817
915 145 145 0
916 145 145 896
917 145 145 896
918 145 146 884
919 145 208 884
920 145 178 736
921 145 183 736
922 146 283 913
923 146 246 913
924 146 146 0
925 146 147 907
926 146 149 907
927 146 147 0
928 146 149 916
929 146 153 916
930 146 147 556
931 146 147 556
932 147 170 0
933 147 147 0
934 147 176 866
935 147 241 866
936 147 154 883
937 147 148 883
938 148 150 0
939 148 148 0
940 148 148 0
941 148 148 889
942 148 174 889
943 148 149 931
944 148 154 931
945 148 195 809
946 148 196 809
947 149 151 0
948 149 149 910
949 149 149 910
950 149 218 879
951 149 203 879
952 149 150 905
953 149 151 905
954 150 150 370
955 150 150 370
956 150 216 928
957 150 229 928
958 150 174 0
959 150 211 948
960 150 194 948
961 151 174 0
962 151 205 954
963 151 175 954
964 151 151 0
965 151 152 0
966 151 151 0
967 151 273 590
968 151 153 590
969 151 156 804
970 151 208 804
971 151 162 694
972 151 156 694
973 151 156 711
974 151 153 711
975 152 220 504
976 152 156 504
977 152 212 506
978 152 224 506
979 152 152 0
980 152 155 0
981 152 155 0
982 152 230 429
983 152 214 429
984 152 195 436
985 152 223 436
986 152 209 953
987 152 209 953
988 152 155 847
989 152 155 847
990 153 153 0
991 153 169 0
992 153 153 369
993 153 153 369
994 153 156 0
995 153 155 965
996 153 156 965
997 153 216 555
998 153 213 555
999 154 210 0
1000 154 163 992
1001 154 159 992
1002 154 154 0
1003 154 299 929
1004 154 299 929
1005 154 164 968
1006 154 154 968
1007 154 216 0
1008 155 155 0
1009 155 155 0
1010 155 163 1006
1011 155 167 1006
1012 155 159 944
1013 155 155 944
1014 155 211 936
1015 155 167 936
1016 156 182 651
1017 156 157 651
1018 156 157 0
1019 156 156 0
1020 156 212 0
1021 156 160 669
1022 156 241 669
1023 156 214 499
1024 156 156 499
1025 156 175 495
1026 156 161 495
1027 156 162 475
1028 156 161 475
1029 156 157 1013
1030 156 182 1013
1031 156 198 544
1032 156 216 544
1033 156 157 988
1034 156 162 988
1035 157 281 994
1036 157 299 994
1037 157 172 996
1038 157 157 996
1039 157 158 0
1040 157 221 969
1041 157 164 969
1042 157 221 549
1043 157 224 549
1044 157 219 527
1045 157 157 527
1046 157 206 972
1047 157 158 972
1048 157 158 973
1049 157 159 973
1050 157 163 0
1051 157 158 0
1052 157 157 663
1053 157 162 663
1054 158 158 0
1055 158 166 1045
1056 158 167 1045
1057 158 201 0
1058 159 160 0
1059 159 159 0
1060 160 168 831
1061 160 199 831
1062 160 199 888
1063 160 197 888
1064 160 161 775
1065 160 170 775
1066 160 160 0
1067 160 242 0
1068 160 217 575
1069 160 160 575
1070 160 160 1049
1071 160 174 1049
1072 160 225 1012
1073 160 215 1012
1074 161 162 0
1075 161 162 0
1076 161 165 1069
1077 161 163 1069
1078 161 175 1021
1079 161 178 1021
1080 161 161 0
1081 161 188 543
1082 161 219 543
1083 162 163 0
1084 162 210 695
1085 162 210 695
1086 162 162 825
1087 162 164 825
1088 162 219 540
1089 162 165 540
1090 163 163 816
1091 163 163 816
1092 163 167 816
1093 163 163 852
1094 163 165 852
1095 163 167 0
1096 163 182 840
1097 163 168 840
1098 163 163 0
1099 163 216 1086
1100 163 163 1086
1101 163 163 1027
1102 163 164 1027
1103 163 175 496
1104 163 163 496
1105 163 299 270
1106 163 176 270
1107 163 216 1053
1108 163 195 1053
1109 163 166 1034
1110 163 170 1034
1111 164 224 1091
1112 164 224 1091
1113 164 164 0
1114 164 210 1050
1115 164 167 1050
1116 164 248 1104
1117 164 164 1104
1118 164 178 0
1119 164 165 0
1120 164 212 0
1121 165 166 0
1122 165 165 0
1123 165 170 1005
1124 165 166 1005
1125 165 210 1041
1126 165 211 1041
1127 165 239 430
1128 165 253 430
1129 165 176 1087
1130 165 178 1087
1131 165 165 1102
1132 165 165 1102
1133 166 199 1094
1134 166 166 1094
1135 166 166 0
1136 166 166 0
1137 166 221 1076
1138 166 223 1076
1139 166 236 1132
1140 166 211 1132
1141 166 253 1132
1142 166 215 1132
1143 166 166 579
1144 166 166 579
1145 167 203 1134
1146 167 176 1134
1147 167 167 0
1148 167 185 0
1149 167 172 1143
1150 167 171 1143
1151 167 176 1109
1152 167 169 1109
1153 168 226 1092
1154 168 223 1092
1155 168 176 0
1156 168 171 0
1157 168 168 1011
1158 168 168 1011
1159 168 168 357
1160 168 168 357
1161 168 172 1056
1162 168 174 1056
1163 168 168 1115
1164 168 172 1115
1165 168 168 902
1166 168 168 902
1167 168 169 592
1168 168 168 592
1169 168 168 1015
1170 168 168 1015
1171 169 172 1060
1172 169 178 1060
1173 169 169 1097
1174 169 234 1097
1175 169 169 1158
1176 169 248 1158
1177 169 169 1160
1178 169 169 1160
1179 169 171 672
1180 169 170 672
1181 169 169 1165
1182 169 171 1165
1183 169 169 1165
1184 169 203 1170
1185 169 202 1170
1186 169 178 551
1187 169 214 551
1188 170 210 0
1189 170 186 0
1190 170 170 991
1191 170 174 991
1192 170 195 793
1193 170 195 793
1194 170 237 1173
1195 170 239 1173
1196 170 176 1175
1197 170 178 1175
1198 170 170 1177
1199 170 170 1177
1200 170 202 431
1201 170 260 431
1202 170 248 655
1203 170 202 655
1204 170 170 1183
1205 170 170 1183
1206 170 170 1167
1207 170 173 1167
1208 170 170 0
1209 170 173 568
1210 170 170 568
1211 171 171 932
1212 171 294 932
1213 171 172 1123
1214 171 171 1123
1215 171 171 1198
1216 171 171 1198
1217 171 171 1205
1218 171 176 1205
1219 171 228 1110
1220 171 220 1110
1221 172 176 0
1222 172 224 1216
1223 172 228 1216
1224 172 174 1179
1225 172 291 1179
1226 172 231 1179
1227 172 284 547
1228 172 299 547
1229 173 173 716
1230 173 220 716
1231 173 191 1037
1232 173 182 1037
1233 173 219 1213
1234 173 173 1213
1235 173 176 692
1236 173 233 692
1237 173 215 1164
1238 173 185 1164
1239 173 177 1149
1240 173 178 1149
1241 174 185 1229
1242 174 177 1229
1243 174 174 851
1244 174 203 851
1245 174 185 399
1246 174 230 399
1247 174 220 571
1248 174 210 571
1249 174 183 33
1250 174 184 33
1251 174 256 1207
1252 174 175 1207
1253 174 299 1209
1254 174 285 1209
1255 175 175 1191
1256 175 187 1191
1257 175 232 778
1258 175 211 778
1259 175 188 958
1260 175 175 958
1261 175 235 942
1262 175 175 942
1263 175 178 1162
1264 175 181 1162
1265 175 179 1224
1266 175 176 1224
1267 175 225 1071
1268 175 236 1071
1269 175 179 567
1270 175 245 567
1271 176 176 963
1272 176 186 963
1273 176 178 1260
1274 176 176 1260
1275 176 176 1078
1276 176 176 1078
1277 176 227 1025
1278 176 176 1025
1279 176 177 530
1280 176 195 530
1281 176 220 1252
1282 176 254 1252
1283 176 216 0
1284 176 176 0
1285 176 181 580
1286 176 182 580
1287 177 182 750
1288 177 183 750
1289 177 178 0
1290 177 192 1146
1291 177 180 1146
1292 177 177 1221
1293 177 177 1221
1294 177 222 1196
1295 177 215 1196
1296 177 218 1276
1297 177 238 1276
1298 177 244 184
1299 177 237 184
1300 177 223 1278
1301 177 245 1278
1302 177 183 514
1303 177 179 514
1304 177 177 1218
1305 177 177 1218
1306 177 178 1151
1307 177 178 1151
1308 177 177 0
1309 178 196 1242
1310 178 220 1242
1311 178 179 1292
1312 178 178 1292
1313 178 202 691
1314 178 253 691
1315 178 275 280
1316 178 279 280
1317 178 178 1305
1318 178 179 1305
1319 178 178 0
1320 179 299 0
1321 179 179 0
1322 179 179 0
1323 179 191 1273
1324 179 180 1273
1325 179 179 624
1326 179 179 624
1327 179 224 1079
1328 179 179 1079
1329 179 180 1130
1330 179 179 1130
1331 179 180 1306
1332 179 180 1306
1333 179 237 1240
1334 179 231 1240
1335 179 238 920
1336 179 238 920
1337 179 179 1186
1338 179 179 1186
1339 180 180 0
1340 180 180 0
1341 180 180 0
1342 180 181 1325
1343 180 181 1325
1344 180 233 1328
1345 180 212 1328
1346 180 224 1265
1347 180 238 1265
1348 180 181 1269
1349 180 180 1269
1350 180 260 1303
1351 180 273 1303
1352 180 181 1318
1353 180 181 1318
1354 180 227 1338
1355 180 180 1338
1356 181 182 0
1357 181 189 1324
1358 181 291 1324
1359 181 181 0
1360 181 249 710
1361 181 244 710
1362 181 237 709
1363 181 237 709
1364 181 239 710
1365 181 183 1329
1366 181 181 1329
1367 181 251 824
1368 181 249 824
1369 181 197 1332
1370 181 198 1332
1371 181 212 892
1372 181 278 892
1373 182 182 0
1374 182 190 0
1375 182 248 1343
1376 182 183 1343
1377 182 214 1264
1378 182 215 1264
1379 182 182 0
1380 182 245 1348
1381 182 192 1348
1382 182 182 1353
1383 182 197 1353
1384 182 182 848
1385 182 183 848
1386 183 183 618
1387 183 183 618
1388 183 185 1232
1389 183 193 1232
1390 183 183 1096
1391 183 238 1096
1392 183 249 561
1393 183 252 561
1394 183 183 767
1395 183 184 767
1396 183 189 698
1397 183 187 698
1398 183 188 1286
1399 183 189 1286
1400 184 190 0
1401 184 184 0
1402 184 206 1387
1403 184 198 1387
1404 184 204 1288
1405 184 188 1288
1406 184 186 1288
1407 184 191 0
1408 184 189 1376
1409 184 188 1376
1410 184 261 626
1411 184 253 626
1412 184 230 1365
1413 184 209 1365
1414 184 186 0
1415 184 285 1302
1416 184 285 1302
1417 184 186 1385
1418 184 186 1385
1419 184 200 921
1420 184 201 921
1421 184 195 758
1422 184 192 758
1423 185 250 629
1424 185 250 629
1425 185 185 652
1426 185 185 652
1427 185 187 637
1428 185 209 637
1429 185 198 723
1430 185 189 723
1431 185 189 724
1432 185 185 724
1433 185 185 1250
1434 185 185 1250
1435 185 186 1395
1436 185 186 1395
1437 185 185 846
1438 185 185 846
1439 186 249 1425
1440 186 218 1425
1441 186 195 638
1442 186 250 638
1443 186 295 873
1444 186 201 873
1445 186 203 873
1446 186 191 1148
1447 186 187 1148
1448 186 241 1433
1449 186 260 1433
1450 186 217 1238
1451 186 218 1238
1452 186 222 1437
1453 186 241 1437
1454 187 188 802
1455 187 189 802
1456 187 189 1272
1457 187 188 1272
1458 187 187 1406
1459 187 234 1406
1460 187 188 644
1461 187 196 644
1462 187 213 1436
1463 187 212 1436
1464 187 187 1418
1465 187 188 1418
1466 188 189 1256
1467 188 191 1256
1468 188 224 1427
1469 188 211 1427
1470 188 188 0
1471 188 194 46
1472 188 189 46
1473 188 273 1397
1474 188 258 1397
1475 189 192 1405
1476 189 193 1405
1477 189 191 777
1478 189 189 777
1479 189 189 0
1480 189 189 1465
1481 189 241 1465
1482 190 208 1455
1483 190 209 1455
1484 190 190 1456
1485 190 200 1456
1486 190 259 870
1487 190 195 870
1488 190 190 1431
1489 190 190 1431
1490 190 299 1408
1491 190 191 1408
1492 190 190 0
1493 190 190 0
1494 190 271 1396
1495 190 272 1396
1496 190 264 1399
1497 190 239 1399
1498 191 241 1489
1499 191 192 1489
1500 191 191 1374
1501 191 193 1374
1502 191 202 697
1503 191 231 697
1504 191 191 0
1505 192 194 1467
1506 192 192 1467
1507 192 197 0
1508 192 200 1477
1509 192 254 1477
1510 192 278 1323
1511 192 238 1323
1512 192 250 1446
1513 192 209 1446
1514 192 196 1491
1515 192 195 1491
1516 192 192 0
1517 192 267 597
1518 192 208 597
1519 192 192 0
1520 193 203 0
1521 193 248 1290
1522 193 224 1290
1523 193 259 1499
1524 193 253 1499
1525 193 193 1381
1526 193 193 1381
1527 193 193 0
1528 194 194 0
1529 194 199 1389
1530 194 195 1389
1531 194 254 630
1532 194 256 630
1533 194 206 1476
1534 194 212 1476
1535 194 224 784
1536 194 224 784
1537 194 198 386
1538 194 249 386
1539 194 235 1501
1540 194 194 1501
1541 194 200 0
1542 194 195 1525
1543 194 196 1525
1544 194 195 0
1545 194 259 686
1546 194 261 686
1547 194 197 0
1548 195 199 1505
1549 195 195 1505
1550 195 258 776
1551 195 250 776
1552 195 206 960
1553 195 202 960
1554 195 201 1471
1555 195 195 1471
1556 196 251 1192
1557 196 196 1192
1558 196 223 1193
1559 196 196 1193
1560 196 197 1530
1561 196 220 1530
1562 196 203 1542
1563 196 199 1542
1564 196 239 1108
1565 196 239 1108
1566 196 196 0
1567 196 197 1421
1568 196 196 1421
1569 197 200 1309
1570 197 207 1309
1571 197 213 807
1572 197 254 807
1573 197 197 1514
1574 197 197 1514
1575 197 299 1461
1576 197 199 1461
1577 197 295 44
1578 197 236 44
1579 197 232 1543
1580 197 250 1543
1581 197 200 946
1582 197 198 946
1583 198 202 0
1584 198 202 1063
1585 198 201 1063
1586 198 201 1574
1587 198 272 1574
1588 198 267 755
1589 198 281 755
1590 198 198 0
1591 198 238 1383
1592 198 255 1383
1593 198 231 1567
1594 198 247 1567
1595 198 199 1547
1596 198 211 1547
1597 199 207 1403
1598 199 207 1403
1599 199 299 746
1600 199 299 746
1601 199 232 1031
1602 199 217 1031
1603 199 199 1582
1604 199 200 1582
1605 199 275 1370
1606 199 221 1370
1607 199 258 757
1608 199 262 757
1609 200 242 1548
1610 200 219 1548
1611 200 203 1061
1612 200 206 1061
1613 200 221 1062
1614 200 224 1062
1615 200 204 1576
1616 200 240 1576
1617 200 200 810
1618 200 200 810
1619 200 263 903
1620 200 249 903
1621 201 201 0
1622 201 202 0
1623 201 201 0
1624 201 201 11
1625 201 201 11
1626 201 217 0
1627 201 244 1485
1628 201 271 1485
1629 201 251 1508
1630 201 248 1508
1631 201 202 779
1632 201 205 779
1633 201 269 1581
1634 201 256 1581
1635 201 204 1604
1636 201 203 1604
1637 201 240 1617
1638 201 235 1617
1639 201 201 845
1640 201 204 845
1641 202 202 0
1642 202 212 1624
1643 202 210 1624
1644 202 250 1586
1645 202 203 1586
1646 202 203 1554
1647 202 207 1554
1648 202 205 1420
1649 202 207 1420
1650 203 210 0
1651 203 208 0
1652 203 203 1584
1653 203 203 1584
1654 203 203 0
1655 203 258 262
1656 203 266 262
1657 203 208 743
1658 203 203 743
1659 203 209 0
1660 203 203 1203
1661 203 233 1203
1662 203 273 1185
1663 203 222 1185
1664 204 221 0
1665 204 209 1520
1666 204 204 1520
1667 204 204 0
1668 204 205 1145
1669 204 205 1145
1670 204 264 1611
1671 204 264 1611
1672 204 281 1611
1673 204 237 1653
1674 204 207 1653
1675 204 204 0
1676 204 271 1445
1677 204 264 1445
1678 204 227 1562
1679 204 227 1562
1680 204 210 747
1681 204 211 747
1682 204 265 0
1683 204 204 0
1684 204 204 0
1685 205 205 0
1686 205 205 0
1687 205 213 1404
1688 205 242 1404
1689 205 205 806
1690 205 205 806
1691 205 252 1615
1692 205 219 1615
1693 205 208 1635
1694 205 205 1635
1695 205 283 1640
1696 205 260 1640
1697 205 286 1683
1698 205 289 1683
1699 206 206 0
1700 206 207 1668
1701 206 207 1668
1702 206 247 1668
1703 206 232 1668
1704 206 277 962
1705 206 268 962
1706 206 207 0
1707 206 245 1689
1708 206 211 1689
1709 206 215 1632
1710 206 210 1632
1711 206 206 912
1712 206 206 912
1713 206 206 0
1714 206 206 0
1715 206 219 0
1716 206 222 891
1717 206 207 891
1718 207 208 0
1719 207 207 0
1720 207 207 0
1721 207 216 1612
1722 207 216 1612
1723 207 239 1533
1724 207 231 1533
1725 207 217 640
1726 207 223 640
1727 207 211 1552
1728 207 261 1552
1729 207 272 1712
1730 207 246 1712
1731 207 208 765
1732 207 208 765
1733 207 223 874
1734 207 222 874
1735 208 221 1570
1736 208 218 1570
1737 208 231 1700
1738 208 211 1700
1739 208 254 1597
1740 208 212 1597
1741 208 208 1598
1742 208 249 1598
1743 208 210 1674
1744 208 215 1674
1745 208 209 0
1746 208 213 1647
1747 208 212 1647
1748 208 208 1649
1749 208 209 1649
1750 209 209 0
1751 209 228 970
1752 209 209 970
1753 209 209 970
1754 209 299 1732
1755 209 299 1732
1756 209 273 1518
1757 209 287 1518
1758 209 298 1518
1759 209 211 1693
1760 209 215 1693
1761 209 279 919
1762 209 279 919
1763 209 272 790
1764 209 288 790
1765 210 223 1665
1766 210 267 1665
1767 210 211 1483
1768 210 241 1483
1769 210 210 1428
1770 210 257 1428
1771 210 241 1753
1772 210 243 1753
1773 210 295 844
1774 210 290 844
1775 210 277 986
1776 210 286 986
1777 210 299 987
1778 210 299 987
1779 210 220 1749
1780 210 248 1749
1781 210 211 0
1782 211 217 0
1783 211 299 999
1784 211 275 999
1785 211 224 1650
1786 211 211 1650
1787 211 211 0
1788 211 211 0
1789 211 216 1710
1790 211 254 1710
1791 211 211 1248
1792 211 216 1248
1793 211 212 1248
1794 211 218 1084
1795 211 211 1084
1796 211 224 1114
1797 211 221 1114
1798 212 228 1767
1799 212 212 1767
1800 212 212 1469
1801 212 212 1469
1802 212 226 1126
1803 212 224 1126
1804 212 213 1727
1805 212 260 1727
1806 212 222 1795
1807 212 232 1795
1808 212 217 0
1809 212 214 1681
1810 212 224 1681
1811 212 271 1014
1812 212 282 1014
1813 212 247 799
1814 212 248 799
1815 213 224 1799
1816 213 219 1799
1817 213 230 1642
1818 213 213 1642
1819 213 272 977
1820 213 276 977
1821 213 252 1801
1822 213 216 1801
1823 213 215 1020
1824 213 220 1020
1825 213 218 1793
1826 213 272 1793
1827 213 217 1371
1828 213 279 1371
1829 214 214 0
1830 214 233 1687
1831 214 218 1687
1832 214 217 1571
1833 214 217 1571
1834 214 296 1804
1835 214 257 1804
1836 214 219 0
1837 214 214 998
1838 214 214 998
1839 214 221 1746
1840 214 218 1746
1841 214 215 1462
1842 214 221 1462
1843 214 214 0
1844 215 215 0
1845 215 286 1023
1846 215 215 1023
1847 215 217 1377
1848 215 215 1377
1849 215 215 983
1850 215 239 983
1851 215 215 1838
1852 215 215 1838
1853 216 286 1744
1854 216 226 1744
1855 216 223 1295
1856 216 276 1295
1857 216 219 1378
1858 216 288 1378
1859 216 299 1851
1860 216 280 1851
1861 216 217 1142
1862 216 217 1142
1863 216 299 1841
1864 216 220 1841
1865 216 217 1760
1866 216 222 1760
1867 216 299 168
1868 216 220 168
1869 216 218 0
1870 217 217 1822
1871 217 219 1822
1872 217 241 1722
1873 217 274 1722
1874 217 238 1722
1875 217 218 0
1876 217 217 1789
1877 217 217 1789
1878 217 218 1099
1879 217 220 1099
1880 217 219 1792
1881 217 220 1792
1882 217 217 997
1883 217 217 997
1884 217 219 395
1885 217 218 395
1886 217 217 1107
1887 217 217 1107
1888 217 299 1283
1889 217 223 1283
1890 218 219 1782
1891 218 221 1782
1892 218 223 1626
1893 218 229 1626
1894 218 223 0
1895 218 222 1833
1896 218 222 1833
1897 218 222 1876
1898 218 236 1876
1899 218 294 1847
1900 218 218 1847
1901 218 283 1882
1902 218 272 1882
1903 218 222 1450
1904 218 282 1450
1905 218 250 1862
1906 218 237 1862
1907 218 226 1887
1908 218 237 1887
1909 218 219 1887
1910 218 219 0
1911 218 229 789
1912 218 287 789
1913 218 218 0
1914 219 251 1440
1915 219 220 1440
1916 219 219 1296
1917 219 219 1296
1918 219 223 1451
1919 219 220 1451
1920 219 270 1451
1921 219 234 0
1922 219 276 950
1923 219 296 950
1924 219 296 856
1925 219 298 856
1926 219 219 0
1927 220 291 0
1928 220 269 0
1929 220 238 1610
1930 220 220 1610
1931 220 220 1233
1932 220 220 1233
1933 220 265 1917
1934 220 277 1917
1935 220 220 0
1936 220 228 1044
1937 220 232 1044
1938 220 220 1692
1939 220 230 1692
1940 220 299 0
1941 220 222 1884
1942 220 220 1884
1943 220 231 1088
1944 220 220 1088
1945 220 270 0
1946 220 258 1715
1947 220 224 1715
1948 220 220 1910
1949 220 220 1910
1950 220 220 0
1951 221 222 1310
1952 221 221 1310
1953 221 252 1915
1954 221 221 1915
1955 221 289 1932
1956 221 221 1932
1957 221 221 1824
1958 221 299 1824
1959 221 227 1247
1960 221 223 1247
1961 221 227 1879
1962 221 226 1879
1963 221 225 1881
1964 221 226 1881
1965 221 223 1944
1966 221 223 1944
1967 221 221 1281
1968 221 222 1281
1969 221 288 857
1970 221 221 857
1971 221 290 1949
1972 221 288 1949
1973 221 221 1779
1974 221 225 1779
1975 222 299 1891
1976 222 296 1891
1977 222 225 1952
1978 222 226 1952
1979 222 290 1040
1980 222 222 1040
1981 222 291 1956
1982 222 299 1956
1983 222 222 0
1984 222 292 1137
1985 222 280 1137
1986 222 222 1137
1987 222 280 1042
1988 222 280 1042
1989 222 249 0
1990 222 226 1797
1991 222 225 1797
1992 222 225 1839
1993 222 223 1839
1994 222 226 1842
1995 222 223 1842
1996 222 232 1606
1997 222 222 1606
1998 222 223 1970
1999 222 227 1970
2000 222 222 0
2001 223 295 0
2002 223 224 1951
2003 223 226 1951
2004 223 282 1980
2005 223 226 1980
2006 223 231 1896
2007 223 226 1896
2008 223 236 1897
2009 223 245 1897
2010 223 280 1986
2011 223 267 1986
2012 223 243 0
2013 223 227 1806
2014 223 249 1806
2015 223 299 1941
2016 223 299 1941
2017 223 230 1968
2018 223 227 1968
2019 223 229 1452
2020 223 242 1452
2021 223 235 1866
2022 223 225 1866
2023 223 223 1716
2024 223 226 1716
2025 223 268 0
2026 223 226 0
2027 224 248 1558
2028 224 250 1558
2029 224 225 0
2030 224 224 1154
2031 224 224 1154
2032 224 225 1894
2033 224 224 1894
2034 224 228 1855
2035 224 299 1855
2036 224 231 0
2037 224 285 1138
2038 224 268 1138
2039 224 299 1300
2040 224 291 1300
2041 224 224 1918
2042 224 291 1918
2043 224 245 0
2044 224 227 1966
2045 224 244 1966
2046 224 235 1733
2047 224 230 1733
2048 224 230 1965
2049 224 229 1965
2050 224 224 985
2051 224 229 985
2052 224 227 0
2053 225 247 1111
2054 225 234 1111
2055 225 252 2002
2056 225 227 2002
2057 225 225 2002
2058 225 252 1785
2059 225 230 1785
2060 225 299 1112
2061 225 291 1112
2062 225 232 1468
2063 225 228 1468
2064 225 283 2031
2065 225 229 2031
2066 225 230 1536
2067 225 231 1536
2068 225 263 1614
2069 225 225 1614
2070 225 227 1522
2071 225 299 1522
2072 225 225 1803
2073 225 226 1803
2074 225 297 1222
2075 225 299 1222
2076 225 249 1327
2077 225 242 1327
2078 225 283 1043
2079 225 287 1043
2080 225 230 1796
2081 225 231 1796
2082 225 289 2041
2083 225 225 2041
2084 225 299 1810
2085 225 299 1810
2086 226 237 0
2087 226 226 0
2088 226 226 0
2089 226 227 2032
2090 226 228 2032
2091 226 231 1963
2092 226 228 1963
2093 226 299 1267
2094 226 259 1267
2095 226 235 0
2096 226 288 1991
2097 226 231 1991
2098 226 248 1992
2099 226 255 1992
2100 226 290 1072
2101 226 287 1072
2102 226 235 0
2103 226 283 1974
2104 226 226 1974
2105 227 234 1978
2106 227 276 1978
2107 227 248 2003
2108 227 244 2003
2109 227 251 1854
2110 227 262 1854
2111 227 290 2005
2112 227 299 2005
2113 227 229 2073
2114 227 293 2073
2115 227 294 569
2116 227 232 569
2117 227 273 1990
2118 227 231 1990
2119 227 243 1994
2120 227 227 1994
2121 227 236 1907
2122 227 228 1907
2123 227 282 2104
2124 227 243 2104
2125 227 238 2024
2126 227 236 2024
2127 227 245 0
2128 228 277 0
2129 228 228 2056
2130 228 237 2056
2131 228 228 2089
2132 228 228 2089
2133 228 228 2070
2134 228 233 2070
2135 228 254 0
2136 228 245 1959
2137 228 230 1959
2138 228 228 1961
2139 228 240 1961
2140 228 229 2013
2141 228 229 2013
2142 228 299 1277
2143 228 299 1277
2144 228 234 1678
2145 228 299 1678
2146 228 237 1999
2147 228 230 1999
2148 228 228 1354
2149 228 228 1354
2150 228 232 0
2151 229 230 1798
2152 229 232 1798
2153 229 236 2090
2154 229 236 2090
2155 229 279 2034
2156 229 298 2034
2157 229 229 0
2158 229 232 1223
2159 229 229 1223
2160 229 257 2138
2161 229 229 2138
2162 229 230 1936
2163 229 231 1936
2164 229 232 1219
2165 229 294 1219
2166 229 234 0
2167 229 233 2149
2168 229 229 2149
2169 230 231 1893
2170 230 230 1893
2171 230 230 1893
2172 230 230 2065
2173 230 230 2065
2174 230 298 957
2175 230 299 957
2176 230 289 2113
2177 230 232 2113
2178 230 294 2113
2179 230 230 2140
2180 230 230 2140
2181 230 232 0
2182 230 233 0
2183 230 230 2051
2184 230 231 2051
2185 230 296 2019
2186 230 257 2019
2187 231 272 1817
2188 231 291 1817
2189 231 233 2059
2190 231 237 2059
2191 231 299 2173
2192 231 289 2173
2193 231 244 982
2194 231 299 982
2195 231 234 1412
2196 231 298 1412
2197 231 245 2180
2198 231 231 2180
2199 231 238 2048
2200 231 243 2048
2201 231 231 2017
2202 231 238 2017
2203 232 233 2169
2204 232 232 2169
2205 232 237 1724
2206 232 238 1724
2207 232 242 2067
2208 232 236 2067
2209 232 243 2006
2210 232 246 2006
2211 232 241 2091
2212 232 241 2091
2213 232 253 2081
2214 232 276 2081
2215 232 254 2163
2216 232 245 2163
2217 232 259 1226
2218 232 239 1226
2219 232 286 2097
2220 232 285 2097
2221 232 238 1943
2222 232 233 1943
2223 232 239 1943
2224 232 233 2201
2225 232 232 2201
2226 232 233 2184
2227 232 234 2184
2228 232 238 1503
2229 232 239 1503
2230 232 299 1334
2231 232 232 1334
2232 233 297 0
2233 233 233 2152
2234 233 234 2152
2235 233 272 1703
2236 233 282 1703
2237 233 233 1257
2238 233 234 1257
2239 233 299 2177
2240 233 299 2177
2241 233 246 0
2242 233 248 2158
2243 233 236 2158
2244 233 250 1937
2245 233 287 1937
2246 233 291 1807
2247 233 246 1807
2248 233 235 1579
2249 233 299 1579
2250 233 253 1601
2251 233 238 1601
2252 233 299 372
2253 233 299 372
2254 233 233 1996
2255 233 233 1996
2256 233 236 0
2257 234 240 0
2258 234 234 2189
2259 234 293 2189
2260 234 236 2203
2261 234 235 2203
2262 234 239 1830
2263 234 237 1830
2264 234 268 2134
2265 234 298 2134
2266 234 239 1236
2267 234 299 1236
2268 234 237 1344
2269 234 284 1344
2270 234 299 1661
2271 234 299 1661
2272 234 239 0
2273 234 299 2224
2274 234 299 2224
2275 234 234 2255
2276 234 235 2255
2277 234 234 2167
2278 234 234 2167
2279 234 249 0
2280 235 236 2234
2281 235 237 2234
2282 235 281 2105
2283 235 235 2105
2284 235 256 2054
2285 235 278 2054
2286 235 242 2238
2287 235 299 2238
2288 235 236 1174
2289 235 235 1174
2290 235 235 623
2291 235 235 623
2292 235 296 2195
2293 235 235 2195
2294 235 236 2227
2295 235 239 2227
2296 235 288 2278
2297 235 237 2278
2298 235 237 2278
2299 236 277 1261
2300 236 254 1261
2301 236 237 0
2302 236 236 1539
2303 236 236 1539
2304 236 238 2095
2305 236 236 2095
2306 236 286 2248
2307 236 293 2248
2308 236 244 2046
2309 236 299 2046
2310 236 282 2276
2311 236 282 2276
2312 236 240 1638
2313 236 262 1638
2314 237 237 2260
2315 237 237 2260
2316 237 246 2208
2317 237 267 2208
2318 237 260 2008
2319 237 242 2008
2320 237 237 2302
2321 237 241 2302
2322 237 258 1578
2323 237 294 1578
2324 237 258 1268
2325 237 299 1268
2326 237 246 0
2327 237 244 2121
2328 237 299 2121
2329 238 279 2281
2330 238 299 2281
2331 238 241 2130
2332 238 240 2130
2333 238 238 2086
2334 238 238 2086
2335 238 242 2315
2336 238 240 2315
2337 238 238 2205
2338 238 238 2205
2339 238 241 2205
2340 238 244 1194
2341 238 241 1194
2342 238 238 0
2343 238 238 2268
2344 238 238 2268
2345 238 238 1362
2346 238 238 1362
2347 238 297 1363
2348 238 299 1363
2349 238 299 1299
2350 238 299 1299
2351 238 238 1906
2352 238 247 1906
2353 238 299 2146
2354 238 299 2146
2355 238 288 1333
2356 238 299 1333
2357 238 239 0
2358 238 242 2298
2359 238 287 2298
2360 239 239 2333
2361 239 240 2333
2362 239 239 1874
2363 239 244 1874
2364 239 241 1391
2365 239 240 1391
2366 239 285 1511
2367 239 296 1511
2368 239 254 1297
2369 239 248 1297
2370 239 239 0
2371 239 299 2345
2372 239 299 2345
2373 239 242 2343
2374 239 239 2343
2375 239 285 2304
2376 239 296 2304
2377 239 299 1347
2378 239 299 1347
2379 239 239 2351
2380 239 244 2351
2381 239 279 2199
2382 239 290 2199
2383 239 239 1591
2384 239 241 1591
2385 239 293 1335
2386 239 294 1335
2387 239 299 1336
2388 239 256 1336
2389 239 299 2125
2390 239 293 2125
2391 240 241 2360
2392 240 240 2360
2393 240 285 1723
2394 240 249 1723
2395 240 243 2262
2396 240 243 2262
2397 240 241 1195
2398 240 240 1195
2399 240 240 0
2400 240 299 1364
2401 240 299 1364
2402 240 299 1364
2403 240 299 1850
2404 240 299 1850
2405 240 243 1127
2406 240 240 1127
2407 240 241 0
2408 240 240 2223
2409 240 241 2223
2410 240 240 2295
2411 240 240 2295
2412 240 262 2229
2413 240 281 2229
2414 240 240 1565
2415 240 240 1565
2416 240 240 1497
2417 240 241 1497
2418 240 299 1564
2419 240 299 1564
2420 240 240 1497
2421 240 242 0
2422 241 248 0
2423 241 294 2332
2424 241 286 2332
2425 241 242 2392
2426 241 241 2392
2427 241 250 0
2428 241 246 0
2429 241 299 2139
2430 241 297 2139
2431 241 241 0
2432 241 242 1616
2433 241 241 1616
2434 241 244 2411
2435 241 243 2411
2436 241 254 1637
2437 241 249 1637
2438 241 299 2415
2439 241 254 2415
2440 241 243 0
2441 242 299 1768
2442 242 297 1768
2443 242 242 0
2444 242 247 2211
2445 242 266 2211
2446 242 245 0
2447 242 269 1448
2448 242 242 1448
2449 242 242 2409
2450 242 243 2409
2451 242 245 2384
2452 242 246 2384
2453 242 291 0
2454 242 262 1453
2455 242 290 1453
2456 242 242 2417
2457 242 299 2417
2458 242 299 1481
2459 242 299 1481
2460 243 243 2425
2461 243 243 2425
2462 243 245 2335
2463 243 246 2335
2464 243 243 2286
2465 243 243 2286
2466 243 298 2207
2467 243 245 2207
2468 243 243 1688
2469 243 243 1688
2470 243 246 0
2471 243 246 1067
2472 243 299 1067
2473 243 246 2373
2474 243 290 2373
2475 243 260 2432
2476 243 248 2432
2477 243 243 0
2478 243 258 2020
2479 243 299 2020
2480 243 295 2456
2481 243 244 2456
2482 243 299 2358
2483 243 299 2358
2484 244 249 2461
2485 244 253 2461
2486 244 244 2464
2487 244 244 2464
2488 244 299 2395
2489 244 264 2395
2490 244 244 2468
2491 244 245 2468
2492 244 248 2396
2493 244 244 2396
2494 244 252 0
2495 244 255 2209
2496 244 248 2209
2497 244 248 2209
2498 244 250 0
2499 244 299 1772
2500 244 255 1772
2501 244 247 0
2502 244 260 1772
2503 244 254 2405
2504 244 244 2405
2505 244 299 2119
2506 244 299 2119
2507 244 299 2124
2508 244 247 2124
2509 244 246 2440
2510 244 246 2440
2511 245 245 1627
2512 245 252 1627
2513 245 295 2487
2514 245 299 2487
2515 245 245 2363
2516 245 246 2363
2517 245 270 2493
2518 245 248 2493
2519 245 290 2340
2520 245 249 2340
2521 245 247 0
2522 245 299 1361
2523 245 299 1361
2524 245 299 1298
2525 245 299 1298
2526 245 246 2380
2527 245 299 2380
2528 245 245 2308
2529 245 246 2308
2530 245 245 2045
2531 245 254 2045
2532 245 299 2327
2533 245 289 2327
2534 245 245 0
2535 245 248 2434
2536 245 248 2434
2537 245 254 2481
2538 245 299 2481
2539 246 261 0
2540 246 246 0
2541 246 299 2491
2542 246 247 2491
2543 246 272 2009
2544 246 247 2009
2545 246 267 2197
2546 246 296 2197
2547 246 259 2446
2548 246 275 2446
2549 246 299 1301
2550 246 299 1301
2551 246 246 2043
2552 246 277 2043
2553 246 250 1380
2554 246 250 1380
2555 246 246 2530
2556 246 247 2530
2557 247 299 0
2558 247 263 2463
2559 247 275 2463
2560 247 248 2516
2561 247 248 2516
2562 247 299 0
2563 247 249 923
2564 247 247 923
2565 247 247 2428
2566 247 249 2428
2567 247 252 1730
2568 247 247 1730
2569 247 291 2247
2570 247 248 2247
2571 247 262 2526
2572 247 259 2526
2573 247 247 2529
2574 247 247 2529
2575 247 252 2452
2576 247 247 2452
2577 248 248 1702
2578 248 249 1702
2579 248 299 2542
2580 248 250 2542
2581 248 264 2564
2582 248 257 2564
2583 248 278 2544
2584 248 275 2544
2585 248 248 2444
2586 248 249 2444
2587 248 254 2556
2588 248 271 2556
2589 248 248 2573
2590 248 248 2573
2591 248 299 1594
2592 248 250 1594
2593 249 254 2107
2594 249 258 2107
2595 249 299 2561
2596 249 261 2561
2597 249 251 2492
2598 249 251 2492
2599 249 291 1630
2600 249 299 1630
2601 249 249 1375
2602 249 263 1375
2603 249 250 0
2604 249 249 0
2605 249 285 2369
2606 249 266 2369
2607 249 299 1176
2608 249 299 1176
2609 249 299 2242
2610 249 273 2242
2611 249 299 1116
2612 249 299 1116
2613 249 299 1202
2614 249 299 1202
2615 249 275 2589
2616 249 250 2589
2617 249 268 2535
2618 249 268 2535
2619 249 251 1780
2620 249 250 1780
2621 249 249 1814
2622 249 256 1814
2623 250 257 1439
2624 250 251 1439
2625 250 251 2484
2626 250 251 2484
2627 250 250 2578
2628 250 252 2578
2629 250 251 2578
2630 250 255 2394
2631 250 250 2394
2632 250 250 2520
2633 250 251 2520
2634 250 250 1742
2635 250 255 1742
2636 250 255 1538
2637 250 258 1538
2638 250 250 2563
2639 250 255 2563
2640 250 250 0
2641 250 251 2566
2642 250 251 2566
2643 250 265 2586
2644 250 266 2586
2645 250 299 1360
2646 250 299 1360
2647 250 250 2014
2648 250 250 2014
2649 250 252 1368
2650 250 299 1368
2651 250 250 2437
2652 250 252 2437
2653 250 254 1620
2654 250 250 1620
2655 251 269 1423
2656 251 299 1423
2657 251 299 1424
2658 251 299 1424
2659 251 251 2028
2660 251 255 2028
2661 251 299 2580
2662 251 299 2580
2663 251 256 1442
2664 251 253 1442
2665 251 299 1512
2666 251 299 1512
2667 251 299 2427
2668 251 253 2427
2669 251 299 1644
2670 251 251 1644
2671 251 299 0
2672 251 279 0
2673 251 251 2648
2674 251 252 2648
2675 251 260 1905
2676 251 257 1905
2677 251 254 0
2678 251 299 2553
2679 251 299 2553
2680 251 299 1580
2681 251 299 1580
2682 251 299 2554
2683 251 299 2554
2684 251 251 2616
2685 251 299 2616
2686 251 257 2620
2687 251 260 2620
2688 251 299 2592
2689 251 254 2592
2690 252 299 1914
2691 252 268 1914
2692 252 299 1556
2693 252 294 1556
2694 252 252 2625
2695 252 272 2625
2696 252 254 1556
2697 252 258 2598
2698 252 252 2598
2699 252 257 2597
2700 252 286 2597
2701 252 252 1629
2702 252 267 1629
2703 252 260 2109
2704 252 299 2109
2705 252 252 0
2706 252 268 0
2707 252 280 2670
2708 252 253 2670
2709 252 252 2642
2710 252 252 2642
2711 252 253 0
2712 252 277 0
2713 252 258 0
2714 253 299 0
2715 253 253 0
2716 253 256 2058
2717 253 295 2058
2718 253 288 2058
2719 253 253 2055
2720 253 253 2055
2721 253 299 1821
2722 253 253 1821
2723 253 253 2512
2724 253 257 2512
2725 253 255 2628
2726 253 255 2628
2727 253 279 0
2728 253 253 2698
2729 253 257 2698
2730 253 299 2701
2731 253 299 2701
2732 253 256 2701
2733 253 257 0
2734 253 253 2567
2735 253 254 2567
2736 253 276 2674
2737 253 280 2674
2738 253 255 1691
2739 253 253 1691
2740 253 254 2649
2741 253 299 2649
2742 253 299 1393
2743 253 299 1393
2744 253 253 2652
2745 253 290 2652
2746 253 299 2575
2747 253 299 2575
2748 253 256 0
2749 254 286 2720
2750 254 283 2720
2751 254 270 2722
2752 254 254 2722
2753 254 254 2485
2754 254 278 2485
2755 254 254 1524
2756 254 254 1524
2757 254 260 1411
2758 254 261 1411
2759 254 259 2213
2760 254 254 2213
2761 254 273 1141
2762 254 299 1141
2763 254 256 1128
2764 254 299 1128
2765 254 257 2250
2766 254 255 2250
2767 255 262 1739
2768 255 260 1739
2769 255 256 2752
2770 255 255 2752
2771 255 257 0
2772 255 279 1509
2773 255 262 1509
2774 255 299 2135
2775 255 258 2135
2776 255 255 2300
2777 255 258 2300
2778 255 280 2755
2779 255 269 2755
2780 255 297 2368
2781 255 299 2368
2782 255 255 1790
2783 255 255 1790
2784 255 299 2735
2785 255 264 2735
2786 255 257 2215
2787 255 299 2215
2788 255 299 2740
2789 255 299 2740
2790 255 261 2503
2791 255 299 2503
2792 255 299 2677
2793 255 299 2677
2794 255 256 2531
2795 255 255 2531
2796 255 262 2436
2797 255 256 2436
2798 255 285 2439
2799 255 299 2439
2800 255 299 2653
2801 255 299 2653
2802 256 258 2660
2803 256 257 2660
2804 256 260 2660
2805 256 268 2725
2806 256 256 2725
2807 256 257 2630
2808 256 260 2630
2809 256 260 2495
2810 256 256 2495
2811 256 296 2639
2812 256 258 2639
2813 256 299 2782
2814 256 258 2782
2815 256 299 2738
2816 256 257 2738
2817 256 256 2099
2818 256 258 2099
2819 256 256 1592
2820 256 256 1592
2821 257 257 2716
2822 257 286 2716
2823 257 297 2769
2824 257 270 2769
2825 257 262 2806
2826 257 257 2806
2827 257 259 1532
2828 257 257 1532
2829 257 257 2663
2830 257 257 2663
2831 257 257 2732
2832 257 259 2732
2833 257 299 0
2834 257 265 1251
2835 257 260 1251
2836 257 262 2794
2837 257 260 2794
2838 257 299 2820
2839 257 299 2820
2840 257 299 1634
2841 257 269 1634
2842 257 299 0
2843 257 259 2622
2844 257 257 2622
2845 257 257 2748
2846 257 260 2748
2847 258 265 0
2848 258 299 2623
2849 258 288 2623
2850 258 299 2724
2851 258 299 2724
2852 258 271 1770
2853 258 299 1770
2854 258 296 2699
2855 258 260 2699
2856 258 267 2829
2857 258 258 2829
2858 258 299 0
2859 258 262 0
2860 258 262 2582
2861 258 261 2582
2862 258 262 0
2863 258 264 0
2864 258 270 2786
2865 258 271 2786
2866 258 281 2765
2867 258 299 2765
2868 258 281 2686
2869 258 299 2686
2870 259 291 2594
2871 259 284 2594
2872 259 284 2802
2873 259 299 2802
2874 259 293 0
2875 259 265 1550
2876 259 259 1550
2877 259 270 2857
2878 259 261 2857
2879 259 279 2637
2880 259 260 2637
2881 259 259 2812
2882 259 280 2812
2883 259 259 2777
2884 259 260 2777
2885 259 299 1655
2886 259 259 1655
2887 259 262 2814
2888 259 277 2814
2889 259 264 2818
2890 259 265 2818
2891 259 275 1607
2892 259 267 1607
2893 259 273 1474
2894 259 289 1474
2895 259 299 2713
2896 259 299 2713
2897 260 299 0
2898 260 299 1486
2899 260 299 1486
2900 260 299 2827
2901 260 261 2827
2902 260 261 1523
2903 260 260 1523
2904 260 266 2759
2905 260 263 2759
2906 260 296 2547
2907 260 299 2547
2908 260 295 2217
2909 260 264 2217
2910 260 265 2094
2911 260 264 2094
2912 260 261 0
2913 260 267 2572
2914 260 261 2572
2915 260 276 1545
2916 260 299 1545
2917 260 260 2843
2918 260 263 2843
2919 261 270 2855
2920 261 262 2855
2921 261 261 2855
2922 261 299 2809
2923 261 276 2809
2924 261 282 2880
2925 261 292 2880
2926 261 299 2884
2927 261 299 2884
2928 261 274 1805
2929 261 261 1805
2930 261 297 2502
2931 261 299 2502
2932 261 264 2318
2933 261 261 2318
2934 261 299 1449
2935 261 266 1449
2936 261 299 2475
2937 261 299 2475
2938 261 299 1201
2939 261 268 1201
2940 261 279 1350
2941 261 299 1350
2942 261 299 2687
2943 261 299 2687
2944 262 262 0
2945 262 262 2901
2946 262 299 2901
2947 262 263 2596
2948 262 269 2596
2949 262 299 2902
2950 262 299 2902
2951 262 262 0
2952 262 299 2929
2953 262 299 2929
2954 262 299 1728
2955 262 299 1728
2956 262 299 1728
2957 262 299 1410
2958 262 299 1410
2959 262 299 2758
2960 262 299 2758
2961 262 274 2914
2962 262 299 2914
2963 262 277 0
2964 262 276 1546
2965 262 299 1546
2966 263 271 0
2967 263 263 0
2968 263 274 2767
2969 263 296 2767
2970 263 299 2825
2971 263 264 2825
2972 263 265 2945
2973 263 265 2945
2974 263 299 2110
2975 263 263 2110
2976 263 299 2110
2977 263 289 2920
2978 263 279 2920
2979 263 272 2859
2980 263 269 2859
2981 263 263 2860
2982 263 276 2860
2983 263 266 2860
2984 263 267 2571
2985 263 275 2571
2986 263 290 2836
2987 263 291 2836
2988 263 267 2796
2989 263 299 2796
2990 263 266 2412
2991 263 299 2412
2992 263 271 2313
2993 263 273 2313
2994 263 299 2454
2995 263 263 2454
2996 263 292 1608
2997 263 286 1608
2998 263 298 0
2999 264 266 2558
3000 264 267 2558
3001 264 265 2068
3002 264 265 2068
3003 264 299 2068
3004 264 299 0
3005 264 299 2995
3006 264 290 2995
3007 264 299 1619
3008 264 299 1619
3009 264 291 0
3010 264 264 2918
3011 264 265 2918
3012 265 265 0
3013 265 265 1671
3014 265 273 1671
3015 265 265 0
3016 265 294 2489
3017 265 290 2489
3018 265 299 0
3019 265 265 2581
3020 265 265 2581
3021 265 299 2932
3022 265 271 2932
3023 265 267 2863
3024 265 268 2863
3025 265 299 2785
3026 265 299 2785
3027 265 265 2909
3028 265 269 2909
3029 265 270 0
3030 265 274 1496
3031 265 269 1496
3032 266 286 3013
3033 266 299 3013
3034 266 266 0
3035 266 299 2972
3036 266 299 2972
3037 266 268 3002
3038 266 282 3002
3039 266 268 2875
3040 266 266 2875
3041 266 299 1933
3042 266 278 1933
3043 266 268 3020
3044 266 266 3020
3045 266 266 2910
3046 266 270 2910
3047 266 266 2890
3048 266 271 2890
3049 266 280 2834
3050 266 283 2834
3051 266 271 1682
3052 266 272 1682
3053 266 266 3011
3054 266 269 3011
3055 267 267 0
3056 267 270 1656
3057 267 270 1656
3058 267 275 2904
3059 267 267 2904
3060 267 295 2644
3061 267 269 2644
3062 268 276 0
3063 268 273 1766
3064 268 268 1766
3065 268 273 3000
3066 268 272 3000
3067 268 268 0
3068 268 293 2702
3069 268 299 2702
3070 268 268 0
3071 268 268 2317
3072 268 277 2317
3073 268 268 0
3074 268 268 2545
3075 268 273 2545
3076 268 299 2984
3077 268 299 2984
3078 268 268 1588
3079 268 269 1588
3080 268 272 1517
3081 268 268 1517
3082 269 289 2691
3083 269 286 2691
3084 269 299 1705
3085 269 299 1705
3086 269 269 2264
3087 269 270 2264
3088 269 299 3037
3089 269 299 3037
3090 269 293 2706
3091 269 299 2706
3092 269 272 3043
3093 269 269 3043
3094 269 269 3024
3095 269 269 3024
3096 269 295 2038
3097 269 285 2038
3098 269 299 2939
3099 269 277 2939
3100 269 278 2617
3101 269 271 2617
3102 269 269 2025
3103 269 270 2025
3104 270 278 2948
3105 270 279 2948
3106 270 276 3093
3107 270 273 3093
3108 270 270 3095
3109 270 270 3095
3110 270 286 3061
3111 270 280 3061
3112 270 299 2447
3113 270 299 2447
3114 270 299 2447
3115 270 272 3028
3116 270 276 3028
3117 270 299 3079
3118 270 292 3079
3119 270 299 1633
3120 270 276 1633
3121 270 272 2841
3122 270 271 2841
3123 270 271 3054
3124 270 299 3054
3125 271 272 2824
3126 271 272 2824
3127 271 299 3087
3128 271 299 3087
3129 271 299 2877
3130 271 299 2877
3131 271 290 2517
3132 271 299 2517
3133 271 299 0
3134 271 299 0
3135 271 274 3057
3136 271 299 3057
3137 271 271 3108
3138 271 271 3108
3139 271 299 3046
3140 271 273 3046
3141 271 274 3046
3142 271 272 1920
3143 271 272 1920
3144 271 271 3103
3145 271 274 3103
3146 271 276 0
3147 272 275 2966
3148 272 274 2966
3149 272 274 0
3150 272 299 1628
3151 272 299 1628
3152 272 280 3022
3153 272 273 3022
3154 272 272 3137
3155 272 273 3137
3156 272 273 0
3157 272 272 3048
3158 272 299 3048
3159 272 299 1811
3160 272 299 1811
3161 272 272 1494
3162 272 276 1494
3163 273 273 2187
3164 273 273 2187
3165 273 288 1819
3166 273 299 1819
3167 273 273 2235
3168 273 273 2235
3169 273 276 2695
3170 273 273 2695
3171 273 274 3066
3172 273 295 3066
3173 273 276 3126
3174 273 282 3126
3175 273 273 2979
3176 273 275 2979
3177 273 273 3092
3178 273 276 3092
3179 273 299 1587
3180 273 283 1587
3181 273 273 0
3182 273 274 0
3183 273 299 1729
3184 273 299 1729
3185 273 299 3143
3186 273 287 3143
3187 273 273 1902
3188 273 276 1902
3189 273 273 3052
3190 273 287 3052
3191 273 299 3080
3192 273 292 3080
3193 273 273 3121
3194 273 285 3121
3195 273 277 1763
3196 273 276 1763
3197 274 299 3063
3198 274 274 3063
3199 274 278 3164
3200 274 278 3164
3201 274 295 3167
3202 274 299 3167
3203 274 299 3167
3204 274 285 3014
3205 274 299 3014
3206 274 292 0
3207 274 279 3175
3208 274 298 3175
3209 274 281 3155
3210 274 289 3155
3211 274 277 3075
3212 274 275 3075
3213 274 281 2610
3214 274 279 2610
3215 274 299 2761
3216 274 274 2761
3217 274 299 1351
3218 274 299 1351
3219 274 274 0
3220 274 275 1756
3221 274 299 1756
3222 274 279 3193
3223 274 281 3193
3224 274 276 2993
3225 274 274 2993
3226 274 281 1662
3227 274 299 1662
3228 274 286 1473
3229 274 275 1473
3230 275 278 3198
3231 275 275 3198
3232 275 280 3171
3233 275 280 3171
3234 275 299 1873
3235 275 299 1873
3236 275 299 2928
3237 275 278 2928
3238 275 297 0
3239 275 299 3135
3240 275 299 3135
3241 275 275 3182
3242 275 278 3182
3243 275 275 3141
3244 275 299 3141
3245 275 275 0
3246 275 278 3030
3247 275 276 3030
3248 275 285 3145
3249 275 289 3145
3250 276 276 3147
3251 276 294 3147
3252 276 280 1784
3253 276 299 1784
3254 276 276 2559
3255 276 276 2559
3256 276 299 0
3257 276 283 3058
3258 276 291 3058
3259 276 299 2584
3260 276 299 2584
3261 276 289 3212
3262 276 276 3212
3263 276 299 2548
3264 276 284 2548
3265 276 293 1315
3266 276 298 1315
3267 276 276 2985
3268 276 281 2985
3269 276 299 1605
3270 276 295 1605
3271 276 277 2891
3272 276 278 2891
3273 276 299 3229
3274 276 299 3229
3275 277 279 2106
3276 277 287 2106
3277 277 277 1820
3278 277 279 1820
3279 277 278 3169
3280 277 277 3169
3281 277 281 3254
3282 277 279 3254
3283 277 299 2923
3284 277 299 2923
3285 277 277 3178
3286 277 279 3178
3287 277 278 3178
3288 277 299 1856
3289 277 282 1856
3290 277 277 3106
3291 277 277 3106
3292 277 299 2214
3293 277 299 2214
3294 277 279 3116
3295 277 299 3116
3296 277 277 3188
3297 277 277 3188
3298 277 295 1922
3299 277 299 1922
3300 277 279 3120
3301 277 284 3120
3302 277 285 3224
3303 277 284 3224
3304 277 277 3162
3305 277 285 3162
3306 277 277 2915
3307 277 277 2915
3308 277 299 0
3309 278 299 2128
3310 278 299 2128
3311 278 299 1704
3312 278 299 1704
3313 278 279 3072
3314 278 284 3072
3315 278 278 1934
3316 278 278 1934
3317 278 279 0
3318 278 281 2888
3319 278 282 2888
3320 278 279 3291
3321 278 282 3291
3322 278 278 3211
3323 278 288 3211
3324 278 299 3297
3325 278 299 3297
3326 278 281 3195
3327 278 281 3195
3328 278 287 3304
3329 278 289 3304
3330 278 279 2963
3331 278 278 2963
3332 278 278 1775
3333 278 282 1775
3334 278 299 3195
3335 278 278 3307
3336 278 278 3307
3337 279 299 3200
3338 279 291 3200
3339 279 288 3230
3340 279 285 3230
3341 279 299 2285
3342 279 285 2285
3343 279 279 3279
3344 279 279 3279
3345 279 279 3279
3346 279 299 1510
3347 279 287 1510
3348 279 299 3042
3349 279 299 3042
3350 279 282 0
3351 279 299 3316
3352 279 299 3316
3353 279 283 3242
3354 279 279 3242
3355 279 279 3242
3356 279 299 0
3357 279 299 3100
3358 279 299 3100
3359 279 299 3246
3360 279 296 3246
3361 279 299 3272
3362 279 299 3272
3363 279 282 0
3364 279 281 3335
3365 279 281 3335
3366 279 299 1372
3367 279 282 1372
3368 280 299 0
3369 280 287 3345
3370 280 283 3345
3371 280 299 3105
3372 280 299 3105
3373 280 299 2879
3374 280 286 2879
3375 280 285 3207
3376 280 281 3207
3377 280 299 2155
3378 280 299 2155
3379 280 280 2772
3380 280 282 2772
3381 280 286 2672
3382 280 280 2672
3383 280 280 1316
3384 280 280 1316
3385 280 299 2940
3386 280 299 2940
3387 280 292 2381
3388 280 283 2381
3389 280 280 0
3390 280 299 3330
3391 280 280 3330
3392 280 280 1762
3393 280 280 1762
3394 280 299 1828
3395 280 299 1828
3396 280 280 0
3397 281 291 0
3398 281 287 2882
3399 281 281 2882
3400 281 299 2778
3401 281 299 2778
3402 281 293 1985
3403 281 294 1985
3404 281 287 2010
3405 281 296 2010
3406 281 281 3152
3407 281 282 3152
3408 281 289 1988
3409 281 284 1988
3410 281 299 0
3411 281 290 3111
3412 281 289 3111
3413 281 299 2737
3414 281 282 2737
3415 281 281 1860
3416 281 281 1860
3417 281 299 3384
3418 281 281 3384
3419 281 293 3392
3420 281 284 3392
3421 282 299 1035
3422 282 299 1035
3423 282 299 0
3424 282 299 2282
3425 282 292 2282
3426 282 291 3281
3427 282 282 3281
3428 282 299 1672
3429 282 299 1672
3430 282 282 3213
3431 282 299 3213
3432 282 299 3213
3433 282 299 3415
3434 282 299 3415
3435 282 282 0
3436 282 286 0
3437 282 298 3418
3438 282 299 3418
3439 282 283 3268
3440 282 283 3268
3441 282 299 2866
3442 282 282 2866
3443 282 299 1589
3444 282 298 1589
3445 282 299 1589
3446 282 298 0
3447 282 298 2413
3448 282 282 2413
3449 282 282 3326
3450 282 289 3326
3451 282 289 3365
3452 282 289 3365
3453 282 299 0
3454 283 287 2236
3455 283 287 2236
3456 283 285 3427
3457 283 283 3427
3458 283 283 3174
3459 283 283 3174
3460 283 299 2004
3461 283 288 2004
3462 283 286 3380
3463 283 283 3380
3464 283 299 3407
3465 283 299 3407
3466 283 286 3319
3467 283 288 3319
3468 283 283 3321
3469 283 283 3321
3470 283 299 3414
3471 283 283 3414
3472 283 283 0
3473 283 294 1904
3474 283 297 1904
3475 283 299 2310
3476 283 299 2310
3477 283 299 2311
3478 283 299 2311
3479 283 289 3448
3480 283 295 3448
3481 283 299 1812
3482 283 284 1812
3483 283 287 0
3484 283 299 3333
3485 283 283 3333
3486 283 299 2123
3487 283 283 2123
3488 283 283 0
3489 284 299 2750
3490 284 291 2750
3491 284 288 922
3492 284 299 922
3493 284 299 3370
3494 284 290 3370
3495 284 299 3370
3496 284 284 0
3497 284 299 2064
3498 284 299 2064
3499 284 299 3458
3500 284 298 3458
3501 284 299 0
3502 284 292 0
3503 284 299 3463
3504 284 284 3463
3505 284 299 3180
3506 284 293 3180
3507 284 294 3257
3508 284 296 3257
3509 284 293 3468
3510 284 291 3468
3511 284 299 2078
3512 284 299 2078
3513 284 286 3353
3514 284 284 3353
3515 284 284 1901
3516 284 284 1901
3517 284 299 3471
3518 284 299 3471
3519 284 285 0
3520 284 299 3440
3521 284 299 3440
3522 284 299 3050
3523 284 299 3050
3524 284 299 1695
3525 284 299 1695
3526 284 299 3487
3527 284 299 3487
3528 284 287 2103
3529 284 299 2103
3530 285 299 2871
3531 285 299 2871
3532 285 290 2872
3533 285 299 2872
3534 285 285 3314
3535 285 290 3314
3536 285 299 3409
3537 285 299 3409
3538 285 299 3516
3539 285 299 3516
3540 285 285 2269
3541 285 285 2269
3542 285 291 3301
3543 285 299 3301
3544 285 299 3482
3545 285 287 3482
3546 285 293 3420
3547 285 294 3420
3548 285 285 0
3549 285 299 1227
3550 285 299 1227
3551 286 288 0
3552 286 290 2393
3553 286 299 2393
3554 286 299 3456
3555 286 290 3456
3556 286 286 2605
3557 286 286 2605
3558 286 291 3097
3559 286 294 3097
3560 286 299 2037
3561 286 299 2037
3562 286 298 2375
3563 286 299 2375
3564 286 286 3541
3565 286 297 3541
3566 286 299 2220
3567 286 291 2220
3568 286 299 1416
3569 286 286 1416
3570 286 288 3194
3571 286 289 3194
3572 286 299 2798
3573 286 299 2798
3574 286 290 3302
3575 286 287 3302
3576 286 299 1254
3577 286 299 1254
3578 287 299 2749
3579 287 287 2749
3580 287 287 2424
3581 287 299 2424
3582 287 289 3032
3583 287 288 3032
3584 287 287 1853
3585 287 299 1853
3586 287 293 2700
3587 287 299 2700
3588 287 299 3557
3589 287 295 3557
3590 287 292 3557
3591 287 299 0
3592 287 290 3381
3593 287 288 3381
3594 287 287 3513
3595 287 293 3513
3596 287 299 3564
3597 287 299 3564
3598 287 299 2306
3599 287 299 2306
3600 287 299 3569
3601 287 299 3569
3602 287 289 3228
3603 287 299 3228
3604 287 299 1697
3605 287 299 1697
3606 287 290 1776
3607 287 299 1776
3608 287 299 0
3609 287 299 0
3610 288 292 3276
3611 288 297 3276
3612 288 299 3455
3613 288 296 3455
3614 288 299 3584
3615 288 299 3584
3616 288 299 3347
3617 288 299 3347
3618 288 288 3398
3619 288 289 3398
3620 288 290 2079
3621 288 299 2079
3622 288 299 3186
3623 288 299 3186
3624 288 291 0
3625 288 299 1757
3626 288 299 1757
3627 288 297 1912
3628 288 299 1912
3629 288 299 2359
3630 288 294 2359
3631 288 290 0
3632 289 294 2718
3633 289 299 2718
3634 289 299 2849
3635 289 299 2849
3636 289 299 3491
3637 289 299 3491
3638 289 291 3339
3639 289 299 3339
3640 289 289 0
3641 289 299 3467
3642 289 299 3467
3643 289 299 3323
3644 289 291 3323
3645 289 290 1858
3646 289 296 1858
3647 289 289 2096
3648 289 291 2096
3649 289 295 1969
3650 289 290 1969
3651 289 299 2355
3652 289 289 2355
3653 289 299 1972
3654 289 299 1972
3655 289 289 2296
3656 289 290 2296
3657 289 299 1764
3658 289 299 1764
3659 290 299 3582
3660 290 299 3582
3661 290 299 3082
3662 290 299 3082
3663 290 299 2192
3664 290 299 2192
3665 290 290 0
3666 290 299 3619
3667 290 295 3619
3668 290 299 2176
3669 290 299 2176
3670 290 299 1955
3671 290 299 1955
3672 290 299 3408
3673 290 299 3408
3674 290 293 3210
3675 290 291 3210
3676 290 299 2082
3677 290 298 2082
3678 290 290 3571
3679 290 295 3571
3680 290 299 3450
3681 290 299 3450
3682 290 291 3329
3683 290 291 3329
3684 290 290 2894
3685 290 299 2894
3686 290 299 3451
3687 290 299 3451
3688 290 290 3249
3689 290 290 3249
3690 291 299 0
3691 291 294 3494
3692 291 299 3494
3693 291 299 1979
3694 291 299 1979
3695 291 294 3535
3696 291 295 3535
3697 291 297 2111
3698 291 299 2111
3699 291 299 3411
3700 291 292 3411
3701 291 293 3592
3702 291 294 3592
3703 291 294 3411
3704 291 299 2474
3705 291 299 2474
3706 291 291 3645
3707 291 295 3645
3708 291 292 2100
3709 291 291 2100
3710 291 292 2382
3711 291 293 2382
3712 291 291 3650
3713 291 291 3650
3714 291 299 1971
3715 291 298 1971
3716 291 291 0
3717 291 299 1774
3718 291 299 1774
3719 291 299 2455
3720 291 295 2455
3721 291 296 3606
3722 291 299 3606
3723 291 291 3656
3724 291 291 3656
3725 291 299 3656
3726 291 299 3688
3727 291 299 3688
3728 291 299 0
3729 292 296 1927
3730 292 299 1927
3731 292 292 3638
3732 292 292 3638
3733 292 292 3490
3734 292 294 3490
3735 292 294 2188
3736 292 294 2188
3737 292 297 2870
3738 292 299 2870
3739 292 299 2061
3740 292 299 2061
3741 292 296 3426
3742 292 299 3426
3743 292 294 0
3744 292 299 0
3745 292 293 1358
3746 292 294 1358
3747 292 299 1981
3748 292 299 1981
3749 292 292 3675
3750 292 295 3675
3751 292 292 1225
3752 292 292 1225
3753 292 299 3644
3754 292 294 3644
3755 292 292 3644
3756 292 299 3706
3757 292 299 3706
3758 292 297 2246
3759 292 299 2246
3760 292 299 2246
3761 292 299 3648
3762 292 299 3648
3763 292 292 0
3764 292 299 2040
3765 292 299 2040
3766 292 296 2042
3767 292 299 2042
3768 292 292 2987
3769 292 295 2987
3770 292 298 2453
3771 292 293 2453
3772 292 292 3682
3773 292 293 3682
3774 292 299 3009
3775 292 292 3009
3776 292 299 3724
3777 292 299 3724
3778 293 299 0
3779 293 298 3731
3780 293 296 3731
3781 293 298 0
3782 293 299 2925
3783 293 299 2925
3784 293 299 1984
3785 293 296 1984
3786 293 299 3502
3787 293 299 3502
3788 293 299 3590
3789 293 299 3590
3790 293 295 3752
3791 293 295 3752
3792 293 293 0
3793 293 293 3118
3794 293 298 3118
3795 293 299 3387
3796 293 299 3387
3797 293 294 3708
3798 293 293 3708
3799 293 299 3192
3800 293 299 3192
3801 293 299 0
3802 293 299 3772
3803 293 298 3772
3804 293 293 0
3805 293 299 2996
3806 293 299 2996
3807 294 299 0
3808 294 299 2259
3809 294 299 2259
3810 294 294 3068
3811 294 294 3068
3812 294 299 2874
3813 294 299 2874
3814 294 299 3586
3815 294 299 3586
3816 294 295 3090
3817 294 299 3090
3818 294 299 0
3819 294 299 3506
3820 294 299 3506
3821 294 299 2114
3822 294 299 2114
3823 294 294 3509
3824 294 299 3509
3825 294 294 3701
3826 294 297 3701
3827 294 295 3595
3828 294 295 3595
3829 294 299 2307
3830 294 299 2307
3831 294 294 3798
3832 294 298 3798
3833 294 296 3711
3834 294 296 3711
3835 294 299 0
3836 294 299 2385
3837 294 299 2385
3838 294 299 3773
3839 294 299 3773
3840 294 299 2390
3841 294 294 2390
3842 294 299 3419
3843 294 298 3419
3844 294 299 0
3845 295 296 0
3846 295 295 3632
3847 295 299 3632
3848 295 299 2423
3849 295 298 2423
3850 295 299 2423
3851 295 296 2423
3852 295 299 3736
3853 295 299 3736
3854 295 298 1212
3855 295 296 1212
3856 295 299 2693
3857 295 299 2693
3858 295 295 3811
3859 295 296 3811
3860 295 296 3016
3861 295 296 3016
3862 295 298 0
3863 295 299 3746
3864 295 299 3746
3865 295 295 3403
3866 295 297 3403
3867 295 299 2178
3868 295 299 2178
3869 295 299 3507
3870 295 296 3507
3871 295 295 1899
3872 295 299 1899
3873 295 299 3703
3874 295 295 3703
3875 295 295 2115
3876 295 299 2115
3877 295 299 2323
3878 295 299 2323
3879 295 295 0
3880 295 299 2165
3881 295 299 2165
3882 295 295 0
3883 295 299 2386
3884 295 299 2386
3885 295 299 3547
3886 295 299 3547
3887 295 295 0
3888 296 299 2717
3889 296 299 2717
3890 296 299 2001
3891 296 299 2001
3892 296 299 3201
3893 296 299 3201
3894 296 299 2513
3895 296 299 2513
3896 296 299 1443
3897 296 296 1443
3898 296 299 3696
3899 296 299 3696
3900 296 299 3060
3901 296 299 3060
3902 296 296 3750
3903 296 296 3750
3904 296 299 3096
3905 296 299 3096
3906 296 299 3875
3907 296 299 3875
3908 296 297 3828
3909 296 298 3828
3910 296 298 3791
3911 296 299 3791
3912 296 299 1577
3913 296 299 1577
3914 296 297 0
3915 296 299 3298
3916 296 299 3298
3917 296 296 3769
3918 296 296 3769
3919 296 296 0
3920 296 299 3649
3921 296 299 3649
3922 296 299 3679
3923 296 299 3679
3924 296 296 0
3925 296 297 2480
3926 296 299 2480
3927 296 296 1773
3928 296 296 1773
3929 296 298 3720
3930 296 299 3720
3931 296 299 0
3932 297 299 0
3933 297 299 3851
3934 297 299 3851
3935 297 299 3859
3936 297 299 3859
3937 297 299 3741
3938 297 299 3741
3939 297 298 2854
3940 297 298 2854
3941 297 299 0
3942 297 298 2811
3943 297 297 2811
3944 297 299 1834
3945 297 299 1834
3946 297 299 3508
3947 297 299 3508
3948 297 297 3508
3949 297 297 0
3950 297 299 2546
3951 297 299 2546
3952 297 299 2292
3953 297 299 2292
3954 297 299 3646
3955 297 299 3646
3956 297 298 3766
3957 297 297 3766
3958 297 299 3917
3959 297 297 3917
3960 297 299 1923
3961 297 299 1923
3962 297 299 1924
3963 297 299 1924
3964 297 299 3833
3965 297 299 3833
3966 297 298 2185
3967 297 297 2185
3968 297 299 3927
3969 297 299 3927
3970 298 299 2232
3971 298 299 2232
3972 298 299 2442
3973 298 299 2442
3974 298 298 2823
3975 298 299 2823
3976 298 299 3611
3977 298 299 3611
3978 298 299 2780
3979 298 299 2780
3980 298 298 3866
3981 298 298 3866
3982 298 298 3866
3983 298 299 3238
3984 298 299 3238
3985 298 298 3866
3986 298 299 3866
3987 298 298 0
3988 298 299 2074
3989 298 299 2074
3990 298 298 3948
3991 298 299 3948
3992 298 299 2347
3993 298 298 2347
3994 298 298 3826
3995 298 298 3826
3996 298 299 3826
3997 298 299 3758
3998 298 299 3758
3999 298 299 3758
4000 298 299 2430
4001 298 299 2430
4002 298 298 3565
4003 298 299 3565
4004 298 298 308
4005 298 299 308
4006 298 299 3959
4007 298 298 3959
4008 298 299 3627
4009 298 299 3627
4010 298 299 0
4011 299 299 3779
4012 299 299 3779
4013 299 299 3854
4014 299 299 3854
4015 299 299 0
4016 299 299 2466
4017 299 299 2466
4018 299 299 3939
4019 299 299 3939
4020 299 299 3781
4021 299 299 3781
4022 299 299 3208
4023 299 299 3208
4024 299 299 2265
4025 299 299 2265
4026 299 299 3942
4027 299 299 3942
4028 299 299 3980
4029 299 299 3980
4030 299 299 3980
4031 299 299 2156
4032 299 299 2156
4033 299 299 2156
4034 299 299 3982
4035 299 299 3982
4036 299 299 3982
4037 299 299 3994
4038 299 299 3994
4039 299 299 3562
4040 299 299 3562
4041 299 299 3909
4042 299 299 3909
4043 299 299 0
4044 299 299 0
4045 299 299 2196
4046 299 299 2196
4047 299 299 2196
4048 299 299 3956
4049 299 299 3956
4050 299 299 3266
4051 299 299 3266
4052 299 299 3794
4053 299 299 3794
4054 299 299 3832
4055 299 299 3832
4056 299 299 1925
4057 299 299 1925
4058 299 299 3444
4059 299 299 3444
4060 299 299 3966
4061 299 299 3966
4062 299 299 3966
4063 299 299 1758
4064 299 299 1758
4065 299 299 3447
4066 299 299 3447
4067 299 299 3803
4068 299 299 3803
4069 299 299 3843
4070 299 299 3843
