1 0 38 0
2 0 19 0
3 20 21 2
4 20 20 2
5 22 40 3
6 22 47 3
7 39 43 1
8 39 40 1
9 41 260 0
10 44 50 7
11 44 47 7
12 48 48 6
13 48 48 6
14 49 64 12
15 49 50 12
16 51 62 15
17 51 62 15
18 63 64 17
19 63 71 17
20 65 79 18
21 65 65 18
22 66 71 0
23 72 79 22
24 72 87 22
25 80 81 20
26 80 81 20
27 82 86 26
28 82 138 26
29 88 93 0
30 88 135 24
31 88 100 24
32 93 93 0
33 97 97 0
34 101 122 0
35 123 136 0
36 130 138 0
37 136 136 0
38 137 138 37
39 137 284 37
40 139 163 38
41 139 163 38
42 143 146 0
43 148 163 0
44 149 149 0
45 164 181 40
46 164 181 40
47 165 167 0
48 169 169 0
49 182 244 46
50 182 208 46
51 183 184 0
52 195 195 0
53 209 308 50
54 209 209 50
55 218 218 0
56 222 222 0
57 224 230 0
58 241 243 0
59 245 275 49
60 245 245 49
61 246 249 0
62 246 246 0
63 255 262 0
64 261 331 9
65 261 271 9
66 272 274 0
67 272 321 0
68 276 279 59
69 276 279 59
70 278 286 0
71 280 291 69
72 280 291 69
73 285 285 39
74 285 322 39
75 288 290 0
76 290 290 0
77 292 296 71
78 292 296 71
79 294 295 0
80 297 316 77
81 297 316 77
82 309 343 53
83 309 309 53
84 313 315 0
85 317 317 0
86 317 319 80
87 317 319 80
88 320 326 0
89 320 340 87
90 320 340 87
91 322 355 0
92 323 344 74
93 323 323 74
94 327 329 88
95 327 350 88
96 332 335 0
97 336 336 0
98 336 501 0
99 341 346 89
100 341 346 89
101 344 345 82
102 344 346 82
103 345 445 92
104 345 374 92
105 347 504 99
106 347 505 99
107 347 347 102
108 347 348 102
109 349 447 108
110 349 459 108
111 351 351 95
112 351 370 95
113 356 420 0
114 368 368 0
115 372 383 0
116 375 402 0
117 386 398 0
118 399 401 0
119 399 400 0
120 402 425 0
121 403 591 0
122 420 420 0
123 421 491 113
124 421 421 113
125 426 426 0
126 428 434 0
127 435 441 0
128 444 446 0
129 446 447 0
130 448 452 0
131 448 495 129
132 448 454 129
133 453 462 130
134 453 453 130
135 455 612 0
136 460 495 110
137 460 460 110
138 463 463 133
139 463 466 133
140 467 471 139
141 467 467 139
142 469 473 0
143 474 474 142
144 474 474 142
145 475 475 143
146 475 495 143
147 482 482 0
148 489 489 0
149 492 704 123
150 492 707 123
151 496 499 146
152 496 496 146
153 496 611 136
154 496 659 136
155 500 520 0
156 502 505 98
157 502 504 98
158 505 509 105
159 505 505 105
160 506 508 0
161 506 530 159
162 506 507 159
163 506 749 156
164 506 580 156
165 510 709 158
166 510 552 158
167 511 513 0
168 518 518 0
169 526 533 0
170 531 534 161
171 531 531 161
172 534 542 169
173 534 536 169
174 535 545 170
175 535 545 170
176 544 545 0
177 546 563 174
178 546 551 174
179 553 556 0
180 553 559 166
181 553 563 166
182 558 563 0
183 560 565 0
184 564 564 182
185 564 564 182
186 564 598 177
187 564 564 177
188 565 590 184
189 565 566 184
190 565 565 0
191 566 597 183
192 566 612 183
193 576 576 0
194 581 581 164
195 581 719 164
196 592 598 0
197 592 630 121
198 592 592 121
199 594 594 0
200 598 598 0
201 599 600 196
202 599 604 196
203 599 605 186
204 599 605 186
205 606 608 0
206 606 607 203
207 606 612 203
208 608 688 0
209 610 615 0
210 612 674 153
211 612 612 153
212 613 688 192
213 613 782 192
214 613 616 135
215 613 614 135
216 616 617 209
217 616 619 209
218 617 636 214
219 617 636 214
220 619 634 0
221 628 629 0
222 631 713 197
223 631 712 197
224 637 647 218
225 637 647 218
226 638 638 0
227 648 755 224
228 648 705 224
229 660 661 154
230 660 660 154
231 662 673 229
232 662 677 229
233 675 679 0
234 675 679 210
235 675 675 210
236 679 679 0
237 680 683 234
238 680 683 234
239 681 684 0
240 684 684 0
241 684 697 238
242 684 688 238
243 686 688 0
244 687 691 0
245 689 736 212
246 689 744 212
247 690 697 0
248 692 699 0
249 693 695 0
250 698 709 0
251 698 702 241
252 698 701 241
253 701 708 0
254 703 819 251
255 703 704 251
256 705 726 149
257 705 913 149
258 706 706 228
259 706 707 228
260 708 857 259
261 708 708 259
262 708 819 150
263 708 726 150
264 710 725 165
265 710 717 165
266 710 714 0
267 711 711 0
268 713 715 223
269 713 713 223
270 714 732 222
271 714 791 222
272 718 797 265
273 718 725 265
274 720 722 195
275 720 721 195
276 723 740 274
277 723 726 274
278 726 778 264
279 726 732 264
280 727 855 256
281 727 899 256
282 728 736 0
283 733 741 270
284 733 741 270
285 737 790 0
286 737 753 0
287 741 759 276
288 741 781 276
289 742 755 283
290 742 833 283
291 745 748 246
292 745 745 246
293 749 788 291
294 749 783 291
295 750 820 163
296 750 875 163
297 756 763 0
298 756 763 227
299 756 758 227
300 760 851 287
301 760 771 287
302 764 781 297
303 764 865 297
304 774 819 0
305 775 775 0
306 779 785 0
307 779 780 278
308 779 780 278
309 781 794 307
310 781 791 307
311 782 791 288
312 782 791 288
313 784 787 294
314 784 812 294
315 787 795 0
316 789 790 293
317 789 789 293
318 791 796 285
319 791 796 285
320 791 814 316
321 791 842 316
322 792 813 271
323 792 817 271
324 792 881 311
325 792 932 311
326 796 796 0
327 797 811 318
328 797 812 318
329 798 874 272
330 798 813 272
331 805 805 0
332 809 809 0
333 812 814 0
334 813 828 314
335 813 882 314
336 814 837 322
337 814 818 322
338 815 996 320
339 815 821 320
340 819 853 337
341 819 837 337
342 820 855 262
343 820 864 262
344 821 823 295
345 821 821 295
346 822 825 339
347 822 826 339
348 824 828 344
349 824 824 344
350 826 826 0
351 827 842 347
352 827 980 347
353 828 829 0
354 829 919 0
355 829 863 348
356 829 854 348
357 830 830 0
358 833 834 0
359 834 840 0
360 837 837 0
361 838 840 341
362 838 846 341
363 841 866 361
364 841 846 361
365 843 874 321
366 843 980 321
367 847 937 362
368 847 988 362
369 852 852 300
370 852 912 300
371 854 864 340
372 854 919 340
373 856 860 0
374 856 902 342
375 856 903 342
376 858 864 260
377 858 863 260
378 862 862 0
379 864 888 355
380 864 869 355
381 865 889 376
382 865 874 376
383 865 962 0
384 866 871 303
385 866 871 303
386 867 870 363
387 867 870 363
388 871 905 386
389 871 882 386
390 871 885 0
391 872 888 385
392 872 901 385
393 875 919 329
394 875 987 329
395 876 912 296
396 876 916 296
397 882 898 324
398 882 1073 324
399 883 993 335
400 883 911 335
401 889 937 379
402 889 898 379
403 889 890 391
404 889 889 391
405 890 890 381
406 890 916 381
407 891 899 403
408 891 891 403
409 898 898 0
410 899 954 402
411 899 1006 402
412 900 927 407
413 900 900 407
414 900 927 281
415 900 926 281
416 902 941 392
417 902 902 392
418 903 933 374
419 903 1091 374
420 904 941 375
421 904 927 375
422 909 911 0
423 912 1057 422
424 912 988 422
425 913 916 370
426 913 916 370
427 914 917 257
428 914 916 257
429 917 977 396
430 917 925 396
431 917 923 426
432 917 925 426
433 918 1037 427
434 918 1127 427
435 920 959 393
436 920 1055 393
437 921 1046 0
438 923 925 0
439 924 924 431
440 924 954 431
441 926 933 432
442 926 933 432
443 928 960 421
444 928 944 421
445 928 1094 414
446 928 1083 414
447 929 929 0
448 933 972 325
449 933 975 325
450 934 954 441
451 934 935 441
452 934 935 442
453 934 1090 442
454 936 990 452
455 936 1021 452
456 938 990 367
457 938 952 367
458 942 947 0
459 942 1097 420
460 942 942 420
461 945 1109 444
462 945 945 444
463 948 1091 458
464 948 949 458
465 953 964 457
466 953 965 457
467 955 1068 0
468 955 1043 440
469 955 1103 440
470 957 957 0
471 960 997 0
472 961 1096 443
473 961 961 443
474 963 964 383
475 963 964 383
476 965 965 475
477 965 985 475
478 966 971 466
479 966 998 466
480 973 999 448
481 973 975 448
482 976 1027 449
483 976 1074 449
484 978 1034 429
485 978 1021 429
486 981 996 352
487 981 1003 352
488 986 1064 477
489 986 986 477
490 988 1030 394
491 988 992 394
492 989 1187 368
493 989 1028 368
494 991 1039 456
495 991 991 456
496 991 993 454
497 991 991 454
498 994 1001 399
499 994 1019 399
500 994 1041 496
501 994 994 496
502 995 995 0
503 997 1017 338
504 997 1036 338
505 1000 1006 0
506 1000 1068 480
507 1000 1050 480
508 1004 1062 487
509 1004 1007 487
510 1004 1013 0
511 1007 1063 411
512 1007 1007 411
513 1008 1009 509
514 1008 1008 509
515 1010 1027 513
516 1010 1016 513
517 1017 1021 0
518 1018 1062 503
519 1018 1035 503
520 1018 1026 0
521 1020 1027 499
522 1020 1030 499
523 1022 1046 485
524 1022 1094 485
525 1023 1027 0
526 1024 1024 0
527 1028 1037 521
528 1028 1094 521
529 1028 1085 482
530 1028 1106 482
531 1029 1037 0
532 1029 1030 493
533 1029 1044 493
534 1031 1044 522
535 1031 1038 522
536 1032 1035 0
537 1035 1046 484
538 1035 1035 484
539 1037 1040 504
540 1037 1070 504
541 1038 1064 531
542 1038 1084 531
543 1038 1038 433
544 1038 1110 433
545 1039 1074 535
546 1039 1045 535
547 1040 1098 494
548 1040 1046 494
549 1041 1062 0
550 1042 1087 500
551 1042 1043 500
552 1044 1087 468
553 1044 1044 468
554 1045 1074 533
555 1045 1126 533
556 1047 1048 0
557 1047 1071 437
558 1047 1047 437
559 1047 1055 537
560 1047 1047 537
561 1047 1186 523
562 1047 1047 523
563 1047 1047 0
564 1051 1062 507
565 1051 1052 507
566 1053 1054 0
567 1054 1060 0
568 1056 1060 436
569 1056 1060 436
570 1056 1090 559
571 1056 1056 559
572 1058 1070 423
573 1058 1069 423
574 1061 1061 0
575 1061 1064 568
576 1061 1221 568
577 1062 1062 0
578 1062 1062 0
579 1063 1118 0
580 1063 1079 508
581 1063 1085 508
582 1063 1073 564
583 1063 1072 564
584 1064 1079 511
585 1064 1064 511
586 1065 1078 575
587 1065 1079 575
588 1065 1085 488
589 1065 1093 488
590 1069 1126 506
591 1069 1083 506
592 1071 1084 540
593 1071 1074 540
594 1071 1074 572
595 1071 1074 572
596 1072 1077 557
597 1072 1075 557
598 1073 1075 0
599 1073 1078 583
600 1073 1073 583
601 1074 1248 582
602 1074 1075 582
603 1075 1201 545
604 1075 1075 545
605 1075 1075 594
606 1075 1131 594
607 1075 1155 483
608 1075 1077 483
609 1076 1091 0
610 1076 1126 604
611 1076 1110 604
612 1076 1076 0
613 1077 1077 0
614 1078 1084 596
615 1078 1079 596
616 1079 1082 0
617 1079 1093 599
618 1079 1116 599
619 1080 1251 587
620 1080 1096 587
621 1080 1154 584
622 1080 1180 584
623 1081 1138 0
624 1081 1083 0
625 1084 1097 591
626 1084 1096 591
627 1084 1094 0
628 1084 1233 446
629 1084 1142 446
630 1085 1165 0
631 1085 1092 614
632 1085 1102 614
633 1086 1133 581
634 1086 1091 581
635 1088 1089 0
636 1088 1113 552
637 1088 1088 552
638 1088 1117 550
639 1088 1088 550
640 1091 1109 0
641 1091 1105 570
642 1091 1168 570
643 1092 1151 634
644 1092 1133 634
645 1092 1094 0
646 1092 1094 419
647 1092 1148 419
648 1092 1099 463
649 1092 1099 463
650 1094 1097 0
651 1094 1099 617
652 1094 1098 617
653 1094 1108 589
654 1094 1125 589
655 1095 1170 0
656 1095 1163 524
657 1095 1120 524
658 1095 1120 646
659 1095 1168 646
660 1095 1095 445
661 1095 1333 445
662 1097 1146 472
663 1097 1146 472
664 1098 1098 0
665 1098 1147 0
666 1098 1120 625
667 1098 1103 625
668 1098 1142 459
669 1098 1142 459
670 1099 1102 0
671 1099 1196 547
672 1099 1100 547
673 1100 1113 651
674 1100 1113 651
675 1100 1180 649
676 1100 1301 649
677 1103 1106 632
678 1103 1126 632
679 1103 1103 0
680 1104 1230 469
681 1104 1310 469
682 1106 1106 0
683 1106 1113 641
684 1106 1191 641
685 1107 1107 530
686 1107 1126 530
687 1108 1109 0
688 1109 1110 0
689 1109 1125 653
690 1109 1112 653
691 1110 1159 461
692 1110 1282 461
693 1111 1122 611
694 1111 1140 611
695 1111 1124 544
696 1111 1124 544
697 1112 1112 0
698 1112 1115 0
699 1114 1116 0
700 1114 1165 674
701 1114 1128 674
702 1114 1114 683
703 1114 1202 683
704 1114 1148 636
705 1114 1135 636
706 1117 1121 699
707 1117 1119 699
708 1117 1136 618
709 1117 1117 618
710 1118 1135 638
711 1118 1142 638
712 1119 1156 0
713 1121 1121 666
714 1121 1136 666
715 1121 1142 658
716 1121 1141 658
717 1122 1136 713
718 1122 1155 713
719 1123 1181 693
720 1123 1127 693
721 1125 1188 695
722 1125 1128 695
723 1126 1162 689
724 1126 1158 689
725 1127 1228 555
726 1127 1136 555
727 1127 1180 678
728 1127 1160 678
729 1127 1162 686
730 1127 1127 686
731 1128 1142 434
732 1128 1204 434
733 1129 1135 0
734 1129 1136 0
735 1129 1208 701
736 1129 1129 701
737 1129 1129 722
738 1129 1159 722
739 1130 1130 0
740 1132 1132 606
741 1132 1146 606
742 1133 1133 0
743 1134 1135 0
744 1134 1186 633
745 1134 1136 633
746 1135 1135 0
747 1136 1173 710
748 1136 1278 710
749 1137 1230 0
750 1137 1252 726
751 1137 1170 726
752 1137 1331 717
753 1137 1139 717
754 1137 1147 734
755 1137 1145 734
756 1139 1165 0
757 1140 1148 0
758 1141 1247 0
759 1143 1196 715
760 1143 1281 715
761 1143 1143 711
762 1143 1277 711
763 1143 1146 668
764 1143 1161 668
765 1144 1166 761
766 1144 1305 761
767 1145 1146 0
768 1147 1275 741
769 1147 1186 741
770 1147 1337 663
771 1147 1147 663
772 1147 1152 662
773 1147 1234 662
774 1148 1166 754
775 1148 1154 754
776 1149 1301 647
777 1149 1158 647
778 1150 1166 0
779 1151 1153 0
780 1152 1243 0
781 1153 1158 772
782 1153 1153 772
783 1155 1163 0
784 1156 1156 718
785 1156 1166 718
786 1156 1311 607
787 1156 1239 607
788 1157 1278 0
789 1159 1281 0
790 1159 1160 781
791 1159 1164 781
792 1160 1180 691
793 1160 1305 691
794 1161 1196 728
795 1161 1166 728
796 1161 1164 0
797 1162 1165 0
798 1162 1162 0
799 1162 1343 764
800 1162 1162 764
801 1163 1247 729
802 1163 1163 729
803 1163 1270 0
804 1164 1196 656
805 1164 1173 656
806 1165 1365 791
807 1165 1246 791
808 1166 1179 630
809 1166 1233 630
810 1166 1166 700
811 1166 1279 700
812 1167 1168 0
813 1167 1171 774
814 1167 1170 774
815 1167 1177 785
816 1167 1201 785
817 1167 1168 765
818 1167 1269 765
819 1169 1202 659
820 1169 1292 659
821 1170 1171 0
822 1171 1217 655
823 1171 1195 655
824 1172 1178 813
825 1172 1230 813
826 1173 1173 0
827 1174 1301 805
828 1174 1214 805
829 1175 1176 0
830 1178 1183 0
831 1178 1195 815
832 1178 1178 815
833 1180 1199 808
834 1180 1180 808
835 1180 1195 0
836 1181 1201 622
837 1181 1221 622
838 1181 1311 675
839 1181 1270 675
840 1183 1235 0
841 1187 1187 0
842 1187 1200 744
843 1187 1199 744
844 1187 1360 561
845 1187 1314 561
846 1188 1192 492
847 1188 1191 492
848 1189 1190 0
849 1189 1311 721
850 1189 1189 721
851 1192 1192 0
852 1192 1287 684
853 1192 1213 684
854 1193 1195 0
855 1193 1195 846
856 1193 1194 846
857 1196 1229 835
858 1196 1212 835
859 1196 1201 831
860 1196 1198 831
861 1196 1200 855
862 1196 1198 855
863 1197 1202 759
864 1197 1248 759
865 1197 1223 671
866 1197 1210 671
867 1198 1199 0
868 1199 1200 0
869 1199 1250 860
870 1199 1201 860
871 1200 1251 843
872 1200 1251 843
873 1201 1218 842
874 1201 1229 842
875 1201 1201 0
876 1202 1209 859
877 1202 1203 859
878 1202 1220 870
879 1202 1268 870
880 1202 1210 836
881 1202 1208 836
882 1203 1209 0
883 1203 1283 819
884 1203 1299 819
885 1204 1231 877
886 1204 1208 877
887 1205 1205 732
888 1205 1210 732
889 1209 1219 735
890 1209 1225 735
891 1209 1212 881
892 1209 1211 881
893 1210 1216 0
894 1210 1219 876
895 1210 1219 876
896 1211 1216 0
897 1211 1330 866
898 1211 1336 866
899 1213 1217 891
900 1213 1216 891
901 1214 1216 0
902 1214 1230 0
903 1215 1263 828
904 1215 1278 828
905 1218 1230 822
906 1218 1219 822
907 1218 1219 899
908 1218 1218 899
909 1219 1230 0
910 1220 1221 907
911 1220 1279 907
912 1220 1222 894
913 1220 1251 894
914 1221 1223 0
915 1221 1232 878
916 1221 1225 878
917 1222 1223 576
918 1222 1222 576
919 1222 1242 837
920 1222 1223 837
921 1223 1223 0
922 1223 1227 912
923 1223 1225 912
924 1224 1264 917
925 1224 1228 917
926 1224 1237 865
927 1224 1225 865
928 1225 1230 0
929 1226 1250 890
930 1226 1227 890
931 1228 1228 0
932 1228 1232 922
933 1228 1247 922
934 1229 1235 0
935 1230 1235 0
936 1230 1273 874
937 1230 1230 874
938 1231 1236 909
939 1231 1322 909
940 1231 1243 905
941 1231 1248 905
942 1231 1235 825
943 1231 1235 825
944 1231 1236 680
945 1231 1292 680
946 1232 1234 885
947 1232 1242 885
948 1233 1248 932
949 1233 1247 932
950 1234 1234 628
951 1234 1293 628
952 1235 1236 0
953 1235 1249 0
954 1235 1276 773
955 1235 1235 773
956 1236 1249 840
957 1236 1255 840
958 1236 1247 943
959 1236 1237 943
960 1237 1243 0
961 1237 1265 952
962 1237 1286 952
963 1238 1273 959
964 1238 1238 959
965 1238 1303 926
966 1238 1238 926
967 1240 1260 787
968 1240 1241 787
969 1243 1243 0
970 1243 1246 0
971 1243 1254 919
972 1243 1249 919
973 1244 1280 780
974 1244 1274 780
975 1244 1247 940
976 1244 1272 940
977 1247 1247 970
978 1247 1249 970
979 1247 1284 807
980 1247 1248 807
981 1248 1274 958
982 1248 1317 958
983 1248 1310 801
984 1248 1295 801
985 1248 1252 933
986 1248 1248 933
987 1249 1328 941
988 1249 1280 941
989 1249 1252 986
990 1249 1277 986
991 1249 1303 601
992 1249 1309 601
993 1250 1255 972
994 1250 1269 972
995 1251 1251 0
996 1251 1251 0
997 1251 1252 929
998 1251 1252 929
999 1252 1265 0
1000 1252 1282 872
1001 1252 1265 872
1002 1252 1254 619
1003 1252 1266 619
1004 1252 1260 913
1005 1252 1262 913
1006 1253 1256 0
1007 1253 1258 997
1008 1253 1273 997
1009 1253 1253 750
1010 1253 1257 750
1011 1254 1274 1009
1012 1254 1274 1009
1013 1255 1256 0
1014 1256 1257 0
1015 1256 1267 993
1016 1256 1263 993
1017 1257 1263 0
1018 1259 1260 0
1019 1259 1262 1007
1020 1259 1260 1007
1021 1261 1263 0
1022 1261 1295 967
1023 1261 1265 967
1024 1261 1269 1004
1025 1261 1273 1004
1026 1263 1269 1019
1027 1263 1268 1019
1028 1264 1269 903
1029 1264 1269 903
1030 1265 1280 924
1031 1265 1266 924
1032 1265 1265 0
1033 1266 1274 0
1034 1266 1273 999
1035 1266 1267 999
1036 1267 1267 1031
1037 1267 1267 1031
1038 1267 1272 0
1039 1267 1317 0
1040 1268 1273 1036
1041 1268 1272 1036
1042 1268 1269 0
1043 1269 1277 0
1044 1269 1273 879
1045 1269 1275 879
1046 1270 1275 1026
1047 1270 1275 1026
1048 1270 1273 1042
1049 1270 1273 1042
1050 1270 1278 994
1051 1270 1308 994
1052 1270 1288 0
1053 1271 1318 0
1054 1271 1271 839
1055 1271 1282 839
1056 1274 1274 0
1057 1274 1345 1040
1058 1274 1274 1040
1059 1274 1301 936
1060 1274 1275 936
1061 1274 1275 0
1062 1274 1292 0
1063 1274 1306 1044
1064 1274 1287 1044
1065 1274 1274 1048
1066 1274 1274 1048
1067 1275 1407 974
1068 1275 1388 974
1069 1275 1280 1033
1070 1275 1363 1033
1071 1275 1322 0
1072 1275 1280 1011
1073 1275 1287 1011
1074 1275 1278 1065
1075 1275 1279 1065
1076 1276 1278 0
1077 1276 1283 0
1078 1276 1276 1060
1079 1276 1286 1060
1080 1276 1276 0
1081 1276 1310 1061
1082 1276 1298 1061
1083 1276 1294 1046
1084 1276 1277 1046
1085 1276 1279 1045
1086 1276 1287 1045
1087 1277 1301 954
1088 1277 1277 954
1089 1277 1277 0
1090 1278 1289 990
1091 1278 1279 990
1092 1278 1308 762
1093 1278 1278 762
1094 1279 1319 1076
1095 1279 1279 1076
1096 1279 1307 0
1097 1279 1281 0
1098 1279 1281 0
1099 1279 1281 1050
1100 1279 1279 1050
1101 1279 1279 748
1102 1279 1288 748
1103 1280 1283 0
1104 1280 1294 1085
1105 1280 1286 1085
1106 1280 1342 811
1107 1280 1280 811
1108 1280 1732 911
1109 1280 1292 911
1110 1281 1346 973
1111 1281 1305 973
1112 1281 1301 1030
1113 1281 1294 1030
1114 1281 1289 988
1115 1281 1289 988
1116 1282 1283 1099
1117 1282 1284 1099
1118 1282 1333 789
1119 1282 1284 789
1120 1283 1321 0
1121 1283 1287 0
1122 1283 1303 1055
1123 1283 1293 1055
1124 1284 1293 0
1125 1284 1287 1103
1126 1284 1286 1103
1127 1284 1284 0
1128 1285 1287 1127
1129 1285 1287 1127
1130 1285 1314 1119
1131 1285 1285 1119
1132 1285 1295 979
1133 1285 1285 979
1134 1287 1326 962
1135 1287 1287 962
1136 1287 1287 1126
1137 1287 1291 1126
1138 1288 1294 1135
1139 1288 1291 1135
1140 1288 1293 1073
1141 1288 1293 1073
1142 1288 1306 1086
1143 1288 1288 1086
1144 1288 1290 1064
1145 1288 1291 1064
1146 1288 1295 1129
1147 1288 1294 1129
1148 1289 1335 1102
1149 1289 1328 1102
1150 1290 1305 1115
1151 1290 1440 1115
1152 1290 1291 1090
1153 1290 1292 1090
1154 1291 1323 1144
1155 1291 1303 1144
1156 1292 1292 0
1157 1292 1307 1137
1158 1292 1294 1137
1159 1293 1297 1062
1160 1293 1294 1062
1161 1293 1295 945
1162 1293 1296 945
1163 1293 1294 0
1164 1293 1312 820
1165 1293 1299 820
1166 1294 1301 1141
1167 1294 1327 1141
1168 1294 1310 951
1169 1294 1313 951
1170 1294 1296 1123
1171 1294 1294 1123
1172 1295 1300 0
1173 1295 1298 1113
1174 1295 1317 1113
1175 1295 1295 1083
1176 1295 1321 1083
1177 1295 1303 1163
1178 1295 1295 1163
1179 1296 1332 0
1180 1296 1322 984
1181 1296 1305 984
1182 1296 1308 1178
1183 1296 1305 1178
1184 1296 1301 1146
1185 1296 1307 1146
1186 1296 1391 1132
1187 1296 1312 1132
1188 1297 1334 1162
1189 1297 1317 1162
1190 1299 1305 1173
1191 1299 1305 1173
1192 1299 1420 0
1193 1299 1301 0
1194 1300 1317 884
1195 1300 1327 884
1196 1300 1303 1165
1197 1300 1304 1165
1198 1300 1302 0
1199 1302 1305 0
1200 1302 1414 1112
1201 1302 1365 1112
1202 1302 1308 1166
1203 1302 1302 1166
1204 1302 1314 827
1205 1302 1320 827
1206 1302 1303 1087
1207 1302 1316 1087
1208 1302 1303 676
1209 1302 1448 676
1210 1303 1317 0
1211 1304 1307 0
1212 1304 1305 1196
1213 1304 1304 1196
1214 1304 1523 991
1215 1304 1326 991
1216 1304 1314 965
1217 1304 1311 965
1218 1304 1305 1206
1219 1304 1339 1206
1220 1304 1311 1208
1221 1304 1311 1208
1222 1305 1306 1197
1223 1305 1306 1197
1224 1306 1346 1111
1225 1306 1313 1111
1226 1306 1353 1191
1227 1306 1347 1191
1228 1306 1306 0
1229 1306 1314 0
1230 1306 1310 1181
1231 1306 1313 1181
1232 1306 1306 1183
1233 1306 1312 1183
1234 1306 1310 766
1235 1306 1310 766
1236 1306 1334 793
1237 1306 1307 793
1238 1307 1307 0
1239 1307 1307 1232
1240 1307 1307 1232
1241 1307 1310 1222
1242 1307 1333 1222
1243 1308 1353 0
1244 1308 1311 0
1245 1308 1319 0
1246 1308 1322 1238
1247 1308 1310 1238
1248 1308 1328 1157
1249 1308 1308 1157
1250 1308 1334 1237
1251 1308 1338 1237
1252 1309 1310 0
1253 1309 1310 1182
1254 1309 1327 1182
1255 1309 1316 1051
1256 1309 1309 1051
1257 1309 1309 1092
1258 1309 1312 1092
1259 1310 1321 992
1260 1310 1312 992
1261 1311 1333 983
1262 1311 1314 983
1263 1311 1340 983
1264 1311 1315 1253
1265 1311 1331 1253
1266 1311 1314 1235
1267 1311 1324 1235
1268 1311 1397 1235
1269 1312 1353 786
1270 1312 1317 786
1271 1312 1315 0
1272 1312 1329 0
1273 1312 1314 1217
1274 1312 1335 1217
1275 1312 1316 838
1276 1312 1315 838
1277 1312 1486 1220
1278 1312 1410 1220
1279 1312 1330 849
1280 1312 1314 849
1281 1313 1315 0
1282 1313 1460 1164
1283 1313 1354 1164
1284 1313 1321 1260
1285 1313 1326 1260
1286 1315 1319 0
1287 1315 1328 1229
1288 1315 1372 1229
1289 1315 1319 0
1290 1315 1326 1204
1291 1315 1329 1204
1292 1315 1326 1130
1293 1315 1383 1130
1294 1315 1316 1273
1295 1315 1327 1273
1296 1315 1317 1280
1297 1315 1413 1280
1298 1316 1317 1264
1299 1316 1317 1264
1300 1317 1329 0
1301 1317 1333 1255
1302 1317 1332 1255
1303 1317 1333 1294
1304 1317 1392 1294
1305 1317 1317 1207
1306 1317 1317 1207
1307 1317 1336 1275
1308 1317 1360 1275
1309 1318 1323 982
1310 1318 1326 982
1311 1318 1526 1039
1312 1318 1318 1039
1313 1318 1322 1298
1314 1318 1318 1298
1315 1318 1324 1189
1316 1318 1324 1189
1317 1318 1392 1305
1318 1318 1354 1305
1319 1319 1322 0
1320 1319 1323 0
1321 1319 1322 0
1322 1319 1383 0
1323 1320 1320 0
1324 1321 1321 0
1325 1321 1325 0
1326 1321 1322 0
1327 1321 1362 1205
1328 1321 1323 1205
1329 1322 1324 0
1330 1322 1345 1120
1331 1322 1325 1120
1332 1322 1334 1176
1333 1322 1340 1176
1334 1322 1380 1284
1335 1322 1351 1284
1336 1323 1329 1071
1337 1323 1375 1071
1338 1323 1420 1180
1339 1323 1326 1180
1340 1323 1327 0
1341 1323 1327 1246
1342 1323 1343 1246
1343 1324 1329 1309
1344 1324 1339 1309
1345 1324 1332 1154
1346 1324 1332 1154
1347 1325 1515 0
1348 1325 1466 0
1349 1325 1328 0
1350 1325 1345 1316
1351 1325 1344 1316
1352 1326 1329 0
1353 1327 1331 0
1354 1327 1345 1310
1355 1327 1331 1310
1356 1327 1500 1215
1357 1327 1378 1215
1358 1327 1346 1290
1359 1327 1332 1290
1360 1327 1505 1285
1361 1327 1334 1285
1362 1327 1341 1292
1363 1327 1486 1292
1364 1328 1328 0
1365 1328 1333 0
1366 1328 1330 1340
1367 1328 1342 1340
1368 1328 1330 0
1369 1328 1328 1195
1370 1328 1328 1195
1371 1329 1353 1287
1372 1329 1347 1287
1373 1329 1347 1248
1374 1329 1330 1248
1375 1329 1335 1369
1376 1329 1336 1369
1377 1329 1349 0
1378 1329 1398 1149
1379 1329 1335 1149
1380 1330 1334 0
1381 1330 1330 1343
1382 1330 1330 1343
1383 1330 1333 1336
1384 1330 1332 1336
1385 1330 1341 1272
1386 1330 1333 1272
1387 1331 1334 0
1388 1331 1335 1381
1389 1331 1335 1381
1390 1331 1342 1368
1391 1331 1347 1368
1392 1331 1332 897
1393 1331 1337 897
1394 1331 1337 1279
1395 1331 1388 1279
1396 1332 1364 1355
1397 1332 1382 1355
1398 1332 1336 752
1399 1332 1389 752
1400 1333 1338 1302
1401 1333 1391 1302
1402 1333 1361 1345
1403 1333 1459 1345
1404 1334 1341 0
1405 1334 1505 1383
1406 1334 1381 1383
1407 1334 1350 1386
1408 1334 1350 1386
1409 1334 1535 1261
1410 1334 1335 1261
1411 1334 1346 1242
1412 1334 1391 1242
1413 1334 1351 661
1414 1334 1377 661
1415 1334 1336 1303
1416 1334 1337 1303
1417 1334 1347 1118
1418 1334 1334 1118
1419 1335 1658 1188
1420 1335 1340 1188
1421 1335 1517 1236
1422 1335 1339 1236
1423 1336 1336 0
1424 1336 1343 0
1425 1336 1351 1389
1426 1336 1339 1389
1427 1336 1341 0
1428 1336 1380 1375
1429 1336 1340 1375
1430 1336 1347 1274
1431 1336 1502 1274
1432 1336 1363 1148
1433 1336 1351 1148
1434 1336 1354 1379
1435 1336 1411 1379
1436 1337 1389 1398
1437 1337 1515 1398
1438 1337 1380 1376
1439 1337 1537 1376
1440 1337 1370 898
1441 1337 1337 898
1442 1337 1337 1307
1443 1337 1360 1307
1444 1338 1338 1393
1445 1338 1338 1393
1446 1338 1373 1416
1447 1338 1385 1416
1448 1338 1373 1394
1449 1338 1346 1394
1450 1339 1341 0
1451 1339 1436 1400
1452 1339 1339 1400
1453 1340 1375 1426
1454 1340 1381 1426
1455 1340 1353 1452
1456 1340 1346 1452
1457 1340 1345 1422
1458 1340 1561 1422
1459 1340 1353 1219
1460 1340 1346 1219
1461 1341 1347 1263
1462 1341 1422 1263
1463 1341 1388 1333
1464 1341 1387 1333
1465 1342 1342 0
1466 1342 1403 1362
1467 1342 1342 1362
1468 1343 1360 1390
1469 1343 1343 1390
1470 1343 1439 1106
1471 1343 1380 1106
1472 1344 1345 0
1473 1344 1348 1469
1474 1344 1359 1469
1475 1344 1367 799
1476 1344 1346 799
1477 1345 1345 0
1478 1345 1364 0
1479 1346 1440 1057
1480 1346 1410 1057
1481 1346 1352 1330
1482 1346 1360 1330
1483 1346 1346 0
1484 1346 1350 1354
1485 1346 1398 1354
1486 1346 1346 0
1487 1346 1389 1350
1488 1346 1383 1350
1489 1346 1400 1457
1490 1346 1349 1457
1491 1347 1359 1224
1492 1347 1359 1224
1493 1347 1347 0
1494 1347 1682 1358
1495 1347 1373 1358
1496 1347 1352 1456
1497 1347 1380 1456
1498 1347 1362 1460
1499 1347 1380 1460
1500 1348 1365 1227
1501 1348 1365 1227
1502 1348 1361 0
1503 1348 1462 1461
1504 1348 1465 1461
1505 1348 1423 1391
1506 1348 1361 1391
1507 1348 1388 1391
1508 1349 1349 0
1509 1350 1366 1490
1510 1350 1380 1490
1511 1350 1353 1377
1512 1350 1359 1377
1513 1351 1491 1408
1514 1351 1351 1408
1515 1352 1379 1425
1516 1352 1382 1425
1517 1352 1499 1335
1518 1352 1506 1335
1519 1352 1385 1433
1520 1352 1352 1433
1521 1353 1353 0
1522 1353 1369 0
1523 1354 1398 1226
1524 1354 1440 1226
1525 1354 1363 0
1526 1354 1420 1269
1527 1354 1625 1269
1528 1354 1372 0
1529 1354 1359 1455
1530 1354 1358 1455
1531 1354 1362 1459
1532 1354 1354 1459
1533 1355 1387 1283
1534 1355 1387 1283
1535 1355 1517 1318
1536 1355 1441 1318
1537 1359 1364 0
1538 1360 1378 1491
1539 1360 1443 1491
1540 1360 1360 0
1541 1360 1364 1529
1542 1360 1361 1529
1543 1360 1362 1512
1544 1360 1367 1512
1545 1361 1393 1468
1546 1361 1362 1468
1547 1361 1362 844
1548 1361 1563 844
1549 1361 1409 1443
1550 1361 1426 1443
1551 1362 1371 0
1552 1362 1413 0
1553 1363 1375 0
1554 1363 1371 1546
1555 1363 1371 1546
1556 1363 1402 1327
1557 1363 1366 1327
1558 1363 1415 1531
1559 1363 1366 1531
1560 1363 1363 1498
1561 1363 1366 1498
1562 1364 1466 0
1563 1364 1370 1432
1564 1364 1370 1432
1565 1365 1397 1541
1566 1365 1436 1541
1567 1366 1376 1500
1568 1366 1374 1500
1569 1366 1503 1201
1570 1366 1380 1201
1571 1366 1379 0
1572 1366 1380 0
1573 1366 1370 0
1574 1366 1377 806
1575 1366 1366 806
1576 1367 1430 1557
1577 1367 1404 1557
1578 1367 1368 1559
1579 1367 1452 1559
1580 1368 1416 1544
1581 1368 1385 1544
1582 1369 1378 1578
1583 1369 1371 1578
1584 1371 1383 0
1585 1371 1406 1440
1586 1371 1588 1440
1587 1371 1385 1563
1588 1371 1563 1563
1589 1372 1373 0
1590 1372 1392 1555
1591 1372 1392 1555
1592 1373 1494 1288
1593 1373 1424 1288
1594 1373 1373 0
1595 1374 1462 1495
1596 1374 1448 1495
1597 1375 1410 1568
1598 1375 1376 1568
1599 1375 1375 0
1600 1375 1448 0
1601 1376 1394 1337
1602 1376 1394 1337
1603 1376 1377 0
1604 1377 1390 1567
1605 1377 1380 1567
1606 1377 1377 0
1607 1377 1381 0
1608 1378 1468 1574
1609 1378 1407 1574
1610 1379 1469 0
1611 1379 1505 1357
1612 1379 1397 1357
1613 1379 1390 1582
1614 1379 1380 1582
1615 1380 1543 1515
1616 1380 1545 1515
1617 1380 1380 0
1618 1381 1399 1605
1619 1381 1500 1605
1620 1381 1503 1572
1621 1381 1384 1572
1622 1381 1422 1428
1623 1381 1386 1428
1624 1381 1392 1334
1625 1381 1565 1334
1626 1381 1415 1497
1627 1381 1420 1497
1628 1382 1453 1454
1629 1382 1399 1454
1630 1382 1407 0
1631 1382 1388 0
1632 1383 1421 1397
1633 1383 1409 1397
1634 1384 1508 1293
1635 1384 1384 1293
1636 1384 1388 1322
1637 1384 1389 1322
1638 1385 1398 1621
1639 1385 1388 1621
1640 1385 1385 0
1641 1386 1436 1447
1642 1386 1429 1447
1643 1386 1536 1587
1644 1386 1555 1587
1645 1387 1562 1623
1646 1387 1389 1623
1647 1388 1626 1464
1648 1388 1422 1464
1649 1388 1412 1533
1650 1388 1411 1533
1651 1389 1413 1068
1652 1389 1389 1068
1653 1389 1400 1395
1654 1389 1463 1395
1655 1390 1438 1436
1656 1390 1422 1436
1657 1390 1399 1646
1658 1390 1443 1646
1659 1390 1396 1637
1660 1390 1395 1637
1661 1391 1400 0
1662 1391 1399 1613
1663 1391 1398 1613
1664 1392 1428 0
1665 1392 1392 0
1666 1392 1411 1401
1667 1392 1519 1401
1668 1392 1392 1186
1669 1392 1392 1186
1670 1393 1393 1590
1671 1393 1433 1590
1672 1393 1568 1624
1673 1393 1397 1624
1674 1393 1397 1317
1675 1393 1420 1317
1676 1394 1394 1670
1677 1394 1395 1670
1678 1395 1428 1601
1679 1395 1399 1601
1680 1395 1450 0
1681 1396 1424 1677
1682 1396 1412 1677
1683 1397 1426 1659
1684 1397 1408 1659
1685 1398 1527 1673
1686 1398 1416 1673
1687 1398 1536 1612
1688 1398 1517 1612
1689 1398 1413 1674
1690 1398 1417 1674
1691 1399 1442 1523
1692 1399 1440 1523
1693 1399 1399 1378
1694 1399 1411 1378
1695 1400 1526 1618
1696 1400 1408 1618
1697 1400 1422 1679
1698 1400 1582 1679
1699 1400 1404 0
1700 1400 1409 1662
1701 1400 1405 1662
1702 1401 1535 1661
1703 1401 1407 1661
1704 1401 1433 1653
1705 1401 1547 1653
1706 1404 1418 1466
1707 1404 1404 1466
1708 1405 1407 1577
1709 1405 1432 1577
1710 1406 1421 0
1711 1407 1438 1585
1712 1407 1413 1585
1713 1408 1443 1067
1714 1408 1505 1067
1715 1408 1444 1630
1716 1408 1563 1630
1717 1408 1409 1609
1718 1408 1433 1609
1719 1410 1460 1633
1720 1410 1459 1633
1721 1410 1412 1700
1722 1410 1439 1700
1723 1410 1417 1549
1724 1410 1410 1549
1725 1411 1413 0
1726 1411 1474 1597
1727 1411 1474 1597
1728 1411 1414 1278
1729 1411 1414 1278
1730 1412 1484 1650
1731 1412 1508 1650
1732 1412 1536 1435
1733 1412 1450 1435
1734 1413 1424 1682
1735 1413 1462 1682
1736 1414 1442 1725
1737 1414 1465 1725
1738 1414 1429 1552
1739 1414 1423 1552
1740 1414 1504 1297
1741 1414 1482 1297
1742 1415 1418 1728
1743 1415 1420 1728
1744 1416 1425 0
1745 1416 1474 1626
1746 1416 1425 1626
1747 1417 1448 1686
1748 1417 1598 1686
1749 1418 1418 0
1750 1418 1503 1723
1751 1418 1488 1723
1752 1419 1468 1742
1753 1419 1426 1742
1754 1421 1422 1192
1755 1421 1450 1192
1756 1421 1422 1338
1757 1421 1422 1338
1758 1421 1550 1627
1759 1421 1475 1627
1760 1421 1423 1675
1761 1421 1423 1675
1762 1422 1422 0
1763 1422 1422 1632
1764 1422 1422 1632
1765 1423 1459 1697
1766 1423 1647 1697
1767 1423 1440 1763
1768 1423 1532 1763
1769 1423 1454 0
1770 1423 1615 1756
1771 1423 1440 1756
1772 1423 1504 1656
1773 1423 1424 1656
1774 1423 1542 1462
1775 1423 1602 1462
1776 1424 1425 0
1777 1424 1444 1505
1778 1424 1439 1505
1779 1424 1469 1760
1780 1424 1425 1760
1781 1425 1474 1773
1782 1425 1482 1773
1783 1425 1484 1681
1784 1425 1493 1681
1785 1426 1456 1746
1786 1426 1429 1746
1787 1427 1437 0
1788 1427 1431 0
1789 1427 1466 1550
1790 1427 1450 1550
1791 1427 1431 1753
1792 1427 1430 1753
1793 1429 1496 1678
1794 1429 1503 1678
1795 1430 1430 1738
1796 1430 1455 1738
1797 1430 1434 1642
1798 1430 1432 1642
1799 1431 1484 1576
1800 1431 1431 1576
1801 1432 1470 1791
1802 1432 1450 1791
1803 1433 1434 0
1804 1433 1437 1709
1805 1433 1439 1709
1806 1434 1439 1671
1807 1434 1434 1671
1808 1434 1592 1718
1809 1434 1448 1718
1810 1435 1436 1797
1811 1435 1439 1797
1812 1437 1443 0
1813 1437 1527 1451
1814 1437 1565 1451
1815 1437 1540 1641
1816 1437 1485 1641
1817 1438 1439 0
1818 1439 1443 0
1819 1439 1491 0
1820 1439 1440 1711
1821 1439 1447 1711
1822 1440 1492 1778
1823 1440 1444 1778
1824 1440 1522 1470
1825 1440 1522 1470
1826 1440 1442 1805
1827 1440 1444 1805
1828 1441 1592 1692
1829 1441 1469 1692
1830 1441 1514 1767
1831 1441 1442 1767
1832 1441 1462 1151
1833 1441 1533 1151
1834 1442 1451 0
1835 1442 1442 0
1836 1442 1442 1536
1837 1442 1443 1536
1838 1443 1466 1691
1839 1443 1465 1691
1840 1443 1444 1826
1841 1443 1556 1826
1842 1444 1499 1713
1843 1444 1503 1713
1844 1444 1529 1658
1845 1444 1599 1658
1846 1444 1444 1837
1847 1444 1528 1837
1848 1445 1447 0
1849 1445 1500 1823
1850 1445 1562 1823
1851 1445 1447 1827
1852 1445 1446 1827
1853 1447 1450 0
1854 1448 1454 1821
1855 1448 1590 1821
1856 1448 1459 1851
1857 1448 1453 1851
1858 1449 1763 1596
1859 1449 1543 1596
1860 1449 1483 1809
1861 1449 1463 1809
1862 1449 1617 0
1863 1451 1452 0
1864 1451 1452 0
1865 1451 1452 1755
1866 1451 1530 1755
1867 1451 1453 1790
1868 1451 1451 1790
1869 1451 1485 1733
1870 1451 1547 1733
1871 1452 1454 0
1872 1453 1659 1865
1873 1453 1491 1865
1874 1454 1503 1628
1875 1454 1454 1628
1876 1454 1611 0
1877 1454 1459 0
1878 1454 1460 1857
1879 1454 1604 1857
1880 1454 1454 1867
1881 1454 1454 1867
1882 1455 1460 0
1883 1455 1482 1880
1884 1455 1455 1880
1885 1456 1539 0
1886 1456 1456 1796
1887 1456 1457 1796
1888 1457 1461 1886
1889 1457 1610 1886
1890 1460 1647 1720
1891 1460 1583 1720
1892 1460 1474 0
1893 1460 1460 1856
1894 1460 1461 1856
1895 1460 1514 1403
1896 1460 1460 1403
1897 1461 1461 1719
1898 1461 1547 1719
1899 1461 1490 1282
1900 1461 1531 1282
1901 1462 1464 0
1902 1462 1467 1888
1903 1462 1466 1888
1904 1462 1466 1894
1905 1462 1465 1894
1906 1463 1475 0
1907 1463 1480 1832
1908 1463 1463 1832
1909 1463 1552 0
1910 1463 1499 1595
1911 1463 1490 1595
1912 1464 1464 0
1913 1464 1612 1654
1914 1464 1551 1654
1915 1466 1466 0
1916 1466 1466 0
1917 1466 1534 0
1918 1466 1510 1504
1919 1466 1467 1504
1920 1467 1501 1562
1921 1467 1479 1562
1922 1467 1513 0
1923 1467 1513 1348
1924 1467 1498 1348
1925 1467 1475 1904
1926 1467 1474 1904
1927 1467 1508 1789
1928 1467 1467 1789
1929 1468 1544 1919
1930 1468 1510 1919
1931 1468 1471 1902
1932 1468 1470 1902
1933 1469 1492 1752
1934 1469 1579 1752
1935 1470 1523 1829
1936 1470 1516 1829
1937 1471 1514 1801
1938 1471 1487 1801
1939 1472 1480 1931
1940 1472 1482 1931
1941 1475 1503 1726
1942 1475 1562 1726
1943 1475 1482 1892
1944 1475 1475 1892
1945 1475 1530 1781
1946 1475 1717 1781
1947 1475 1550 1745
1948 1475 1514 1745
1949 1476 1521 1925
1950 1476 1493 1925
1951 1477 1481 0
1952 1480 1480 0
1953 1480 1480 0
1954 1481 1485 0
1955 1481 1545 1907
1956 1481 1615 1907
1957 1481 1548 1939
1958 1481 1490 1939
1959 1483 1616 0
1960 1483 1603 1943
1961 1483 1483 1943
1962 1483 1499 1782
1963 1483 1522 1782
1964 1483 1519 1741
1965 1483 1623 1741
1966 1484 1706 1860
1967 1484 1486 1860
1968 1485 1616 1730
1969 1485 1540 1730
1970 1485 1491 1783
1971 1485 1499 1783
1972 1485 1573 1799
1973 1485 1524 1799
1974 1486 1505 0
1975 1486 1536 1816
1976 1486 1486 1816
1977 1486 1487 1869
1978 1486 1487 1869
1979 1487 1588 1277
1980 1487 1540 1277
1981 1488 1594 1978
1982 1488 1563 1978
1983 1489 1571 1751
1984 1489 1524 1751
1985 1491 1519 1899
1986 1491 1552 1899
1987 1491 1500 1958
1988 1491 1502 1958
1989 1492 1564 1873
1990 1492 1541 1873
1991 1492 1497 1819
1992 1492 1521 1819
1993 1493 1584 1933
1994 1493 1564 1933
1995 1494 1560 1784
1996 1494 1500 1784
1997 1494 1517 1950
1998 1494 1494 1950
1999 1495 1619 1592
2000 1495 1522 1592
2001 1497 1505 1793
2002 1497 1512 1793
2003 1497 1497 0
2004 1498 1529 1991
2005 1498 1564 1991
2006 1499 1523 1924
2007 1499 1515 1924
2008 1500 1615 1962
2009 1500 1697 1962
2010 1500 1534 1517
2011 1500 1669 1517
2012 1500 1514 1910
2013 1500 1514 1910
2014 1501 1554 1619
2015 1501 1558 1619
2016 1501 1520 1849
2017 1501 1560 1849
2018 1501 1693 1356
2019 1501 1516 1356
2020 1502 1507 1920
2021 1502 1505 1920
2022 1502 1513 0
2023 1503 1597 1431
2024 1503 1540 1431
2025 1503 1518 1988
2026 1503 1512 1988
2027 1504 1592 1874
2028 1504 1536 1874
2029 1504 1516 1941
2030 1504 1669 1941
2031 1504 1515 0
2032 1504 1574 1794
2033 1504 1550 1794
2034 1504 1504 0
2035 1504 1568 1750
2036 1504 1579 1750
2037 1505 1506 0
2038 1505 1613 1772
2039 1505 1534 1772
2040 1505 1505 0
2041 1505 1507 1740
2042 1505 1507 1740
2043 1506 1510 1974
2044 1506 1507 1974
2045 1506 1538 1405
2046 1506 1538 1405
2047 1506 1534 1714
2048 1506 1586 1714
2049 1506 1508 1611
2050 1506 1576 1611
2051 1506 1595 1360
2052 1506 1538 1360
2053 1507 1507 2037
2054 1507 1507 2037
2055 1507 1537 1518
2056 1507 1551 1518
2057 1508 1565 2020
2058 1508 1511 2020
2059 1508 1512 2053
2060 1508 1509 2053
2061 1508 1543 2041
2062 1508 1637 2041
2063 1509 1601 1731
2064 1509 1509 1731
2065 1509 1563 1634
2066 1509 1557 1634
2067 1509 1526 1927
2068 1509 1581 1927
2069 1510 1565 2064
2070 1510 1525 2064
2071 1511 1522 1918
2072 1511 1661 1918
2073 1512 1512 2058
2074 1512 1512 2058
2075 1512 1514 0
2076 1513 1513 2074
2077 1513 1519 2074
2078 1513 1704 2002
2079 1513 1541 2002
2080 1513 1523 2026
2081 1513 1514 2026
2082 1514 1514 0
2083 1514 1515 1922
2084 1514 1515 1922
2085 1515 1515 0
2086 1515 1515 0
2087 1515 1532 1830
2088 1515 1515 1830
2089 1515 1534 2012
2090 1515 1520 2012
2091 1515 1531 1948
2092 1515 1531 1948
2093 1515 1560 1895
2094 1515 1551 1895
2095 1516 1518 1347
2096 1516 1519 1347
2097 1516 1544 2084
2098 1516 1543 2084
2099 1516 1763 1437
2100 1516 1545 1437
2101 1517 1545 1936
2102 1517 1517 1936
2103 1517 1606 0
2104 1517 1518 0
2105 1518 1522 0
2106 1518 1522 0
2107 1518 1526 0
2108 1518 1576 1688
2109 1518 1528 1688
2110 1518 1725 1421
2111 1518 1560 1421
2112 1518 1527 1997
2113 1518 1518 1997
2114 1518 1543 1535
2115 1518 1632 1535
2116 1519 1526 0
2117 1520 1543 2077
2118 1520 1535 2077
2119 1520 1535 2096
2120 1520 1543 2096
2121 1520 1529 1985
2122 1520 1551 1985
2123 1520 1563 1964
2124 1520 1564 1964
2125 1521 1521 0
2126 1521 1538 2090
2127 1521 1521 2090
2128 1522 1522 0
2129 1522 1582 1992
2130 1522 1529 1992
2131 1522 1601 1949
2132 1522 1523 1949
2133 1523 1525 0
2134 1523 1675 2071
2135 1523 1627 2071
2136 1523 1562 1963
2137 1523 1626 1963
2138 1523 1545 1824
2139 1523 1556 1824
2140 1524 1524 0
2141 1524 1534 1935
2142 1524 1646 1935
2143 1524 1591 0
2144 1524 1531 1214
2145 1524 1526 1214
2146 1524 1524 2080
2147 1524 1537 2080
2148 1525 1527 1973
2149 1525 1525 1973
2150 1525 1531 1984
2151 1525 1531 1984
2152 1526 1528 0
2153 1526 1526 0
2154 1526 1536 0
2155 1527 1574 1695
2156 1527 1536 1695
2157 1527 1532 1311
2158 1527 1527 1311
2159 1527 1533 0
2160 1527 1541 2067
2161 1527 1527 2067
2162 1528 1528 0
2163 1528 1529 0
2164 1528 1532 0
2165 1528 1590 1685
2166 1528 1540 1685
2167 1528 1585 2148
2168 1528 1542 2148
2169 1528 1555 1813
2170 1528 1617 1813
2171 1528 1533 2112
2172 1528 1528 2112
2173 1529 1530 0
2174 1529 1564 0
2175 1529 1529 0
2176 1529 1537 0
2177 1529 1550 2109
2178 1529 1578 2109
2179 1529 1534 1847
2180 1529 1533 1847
2181 1530 1530 0
2182 1530 1613 1844
2183 1530 1537 1844
2184 1530 1610 2004
2185 1530 1564 2004
2186 1530 1551 2121
2187 1530 1552 2121
2188 1531 1533 0
2189 1531 1606 1866
2190 1531 1675 1866
2191 1531 1531 1866
2192 1532 1543 0
2193 1532 1724 1900
2194 1532 1559 1900
2195 1532 1631 2091
2196 1532 1554 2091
2197 1532 1585 2150
2198 1532 1535 2150
2199 1533 1537 0
2200 1533 1546 2087
2201 1533 1551 2087
2202 1533 1558 1768
2203 1533 1534 1768
2204 1533 1537 0
2205 1533 1535 0
2206 1534 1534 0
2207 1534 1614 1833
2208 1534 1538 1833
2209 1534 1569 2171
2210 1534 1534 2171
2211 1535 1547 2047
2212 1535 1547 2047
2213 1535 1542 0
2214 1535 1562 2039
2215 1535 1606 2039
2216 1535 1536 2089
2217 1535 1536 2089
2218 1535 1546 0
2219 1535 1544 2179
2220 1535 1543 2179
2221 1536 1543 2118
2222 1536 1537 2118
2223 1536 1613 0
2224 1536 1555 1409
2225 1536 1537 1409
2226 1537 1569 2028
2227 1537 1544 2028
2228 1537 1557 0
2229 1537 1543 0
2230 1537 1600 2216
2231 1537 1538 2216
2232 1537 1633 1687
2233 1537 1743 1687
2234 1537 1540 1975
2235 1537 1570 1975
2236 1537 1582 1732
2237 1537 1735 1732
2238 1537 1541 0
2239 1537 1540 1643
2240 1537 1540 1643
2241 1538 1538 0
2242 1538 1538 2183
2243 1538 1561 2183
2244 1538 1558 2225
2245 1538 1547 2225
2246 1538 1543 1439
2247 1538 1550 1439
2248 1538 1538 2147
2249 1538 1553 2147
2250 1539 1549 2045
2251 1539 1543 2045
2252 1539 1542 2046
2253 1539 1543 2046
2254 1539 1541 0
2255 1539 1539 2242
2256 1539 1539 2242
2257 1539 1539 0
2258 1539 1575 2231
2259 1539 1553 2231
2260 1539 1721 2052
2261 1539 1646 2052
2262 1540 1558 2255
2263 1540 1558 2255
2264 1540 1540 0
2265 1541 1542 0
2266 1541 1610 1969
2267 1541 1544 1969
2268 1541 1541 0
2269 1541 1618 2166
2270 1541 1578 2166
2271 1541 1544 1815
2272 1541 1602 1815
2273 1541 1610 2234
2274 1541 1543 2234
2275 1541 1543 2239
2276 1541 1619 2239
2277 1541 1541 1980
2278 1541 1541 1980
2279 1542 1701 2079
2280 1542 1574 2079
2281 1542 1551 0
2282 1542 1542 0
2283 1542 1550 1990
2284 1542 1550 1990
2285 1542 1542 0
2286 1542 1623 2160
2287 1542 1542 2160
2288 1542 1612 2277
2289 1542 1615 2277
2290 1543 1543 0
2291 1543 1546 0
2292 1543 1693 1774
2293 1543 1588 1774
2294 1543 1610 0
2295 1544 1565 2221
2296 1544 1555 2221
2297 1544 1566 1615
2298 1544 1561 1615
2299 1544 1544 2120
2300 1544 1544 2120
2301 1544 1610 2251
2302 1544 1555 2251
2303 1544 1564 2253
2304 1544 1702 2253
2305 1544 1550 0
2306 1544 1544 0
2307 1544 1612 2246
2308 1544 1545 2246
2309 1544 1545 1859
2310 1544 1544 1859
2311 1544 1561 2114
2312 1544 1615 2114
2313 1544 1544 2275
2314 1544 1565 2275
2315 1545 1545 2300
2316 1545 1545 2300
2317 1545 1545 2227
2318 1545 1618 2227
2319 1545 1545 0
2320 1545 1545 0
2321 1545 1601 2267
2322 1545 1634 2267
2323 1545 1563 2271
2324 1545 1547 2271
2325 1545 1686 2219
2326 1545 1549 2219
2327 1546 1571 2316
2328 1546 1600 2316
2329 1546 1549 2317
2330 1546 1564 2317
2331 1546 1641 1616
2332 1546 1582 1616
2333 1546 1564 1955
2334 1546 1742 1955
2335 1546 1547 0
2336 1546 1546 0
2337 1546 1568 2138
2338 1546 1557 2138
2339 1546 1575 2309
2340 1546 1561 2309
2341 1547 1605 2200
2342 1547 1649 2200
2343 1547 1547 0
2344 1547 1548 0
2345 1548 1574 2211
2346 1548 1550 2211
2347 1548 1548 0
2348 1548 1551 0
2349 1548 1559 0
2350 1548 1564 0
2351 1548 1557 1705
2352 1548 1557 1705
2353 1548 1558 1870
2354 1548 1672 1870
2355 1549 1549 0
2356 1549 1549 0
2357 1549 1552 1957
2358 1549 1559 1957
2359 1550 1618 2329
2360 1550 1607 2329
2361 1550 1550 0
2362 1550 1553 0
2363 1551 1582 2033
2364 1551 1695 2033
2365 1551 1744 2284
2366 1551 1611 2284
2367 1551 1553 0
2368 1551 1551 0
2369 1551 1555 1758
2370 1551 1566 1758
2371 1551 1563 0
2372 1552 1575 0
2373 1552 1556 0
2374 1552 1552 2201
2375 1552 1562 2201
2376 1552 1553 2186
2377 1552 1560 2186
2378 1552 1585 0
2379 1552 1604 2056
2380 1552 1576 2056
2381 1552 1572 2094
2382 1552 1706 2094
2383 1552 1737 1914
2384 1552 1578 1914
2385 1553 1554 0
2386 1553 1553 0
2387 1553 1613 1909
2388 1553 1557 1909
2389 1553 1553 1986
2390 1553 1553 1986
2391 1554 1691 2376
2392 1554 1560 2376
2393 1554 1562 2259
2394 1554 1565 2259
2395 1554 1568 2390
2396 1554 1556 2390
2397 1554 1555 2249
2398 1554 1556 2249
2399 1555 1582 2014
2400 1555 1611 2014
2401 1555 1555 0
2402 1555 1555 0
2403 1555 1560 2196
2404 1555 1560 2196
2405 1556 1610 2302
2406 1556 1608 2302
2407 1556 1556 0
2408 1556 1561 2224
2409 1556 1558 2224
2410 1556 1567 2169
2411 1556 1557 2169
2412 1556 1612 1644
2413 1556 1616 1644
2414 1557 1562 0
2415 1557 1557 0
2416 1557 1557 2139
2417 1557 1591 2139
2418 1557 1562 1841
2419 1557 1598 1841
2420 1557 1558 2398
2421 1557 1561 2398
2422 1558 1558 0
2423 1558 1564 0
2424 1558 1559 2338
2425 1558 1572 2338
2426 1558 1566 2352
2427 1558 1654 2352
2428 1558 1685 2066
2429 1558 1616 2066
2430 1559 1563 0
2431 1559 1614 2015
2432 1559 1584 2015
2433 1559 1563 0
2434 1559 1609 2263
2435 1559 1561 2263
2436 1559 1562 2409
2437 1559 1580 2409
2438 1559 1560 0
2439 1560 1560 0
2440 1560 1568 2194
2441 1560 1563 2194
2442 1560 1560 2358
2443 1560 1576 2358
2444 1560 1563 0
2445 1561 1561 0
2446 1561 1568 0
2447 1561 1564 2392
2448 1561 1611 2392
2449 1561 1561 0
2450 1561 1564 2017
2451 1561 1596 2017
2452 1561 1704 2404
2453 1561 1644 2404
2454 1561 1568 2093
2455 1561 1601 2093
2456 1561 1575 2111
2457 1561 1623 2111
2458 1562 1566 2298
2459 1562 1562 2298
2460 1562 1562 0
2461 1562 1597 2243
2462 1562 1592 2243
2463 1562 1565 0
2464 1562 1582 1458
2465 1562 1706 1458
2466 1562 1562 2421
2467 1562 1566 2421
2468 1563 1614 1942
2469 1563 1582 1942
2470 1563 1584 2375
2471 1563 1563 2375
2472 1563 1564 2436
2473 1563 1586 2436
2474 1563 1662 1645
2475 1563 1614 1645
2476 1563 1563 0
2477 1563 1568 2393
2478 1563 1575 2393
2479 1563 1570 2418
2480 1563 1667 2418
2481 1564 1565 0
2482 1564 1564 0
2483 1564 1566 0
2484 1564 1584 1716
2485 1564 1599 1716
2486 1564 1564 0
2487 1564 1599 2441
2488 1564 1564 2441
2489 1564 1578 2323
2490 1564 1565 2323
2491 1564 1654 2065
2492 1564 1579 2065
2493 1564 1608 2371
2494 1564 1579 2371
2495 1564 1601 2371
2496 1564 1571 1588
2497 1564 1574 1588
2498 1565 1568 0
2499 1565 1685 2330
2500 1565 1610 2330
2501 1565 1568 0
2502 1565 1677 1989
2503 1565 1583 1989
2504 1565 1605 2005
2505 1565 1594 2005
2506 1565 1611 2185
2507 1565 1610 2185
2508 1565 1681 1994
2509 1565 1566 1994
2510 1566 1611 0
2511 1566 1577 0
2512 1566 1567 0
2513 1566 1566 0
2514 1566 1566 0
2515 1566 1662 2069
2516 1566 1576 2069
2517 1566 1582 1625
2518 1566 1610 1625
2519 1566 1587 1814
2520 1566 1708 1814
2521 1567 1567 2297
2522 1567 1599 2297
2523 1567 1569 0
2524 1567 1568 0
2525 1567 1567 2370
2526 1567 1672 2370
2527 1567 1567 2467
2528 1567 1585 2467
2529 1567 1579 2509
2530 1567 1622 2509
2531 1568 1577 2521
2532 1568 1574 2521
2533 1568 1568 0
2534 1568 1568 0
2535 1568 1568 0
2536 1568 1568 0
2537 1568 1568 2525
2538 1568 1575 2525
2539 1569 1591 2501
2540 1569 1588 2501
2541 1569 1569 0
2542 1569 1610 1672
2543 1569 1581 1672
2544 1569 1589 2440
2545 1569 1584 2440
2546 1569 1594 2537
2547 1569 1574 2537
2548 1569 1604 2035
2549 1569 1601 2035
2550 1570 1656 0
2551 1570 1570 0
2552 1570 1571 0
2553 1570 1571 0
2554 1570 1571 0
2555 1570 1573 0
2556 1570 1572 2209
2557 1570 1589 2209
2558 1571 1572 0
2559 1572 1572 0
2560 1573 1599 0
2561 1573 1573 0
2562 1573 1573 0
2563 1573 1618 2425
2564 1573 1604 2425
2565 1573 1611 2556
2566 1573 1573 2556
2567 1573 1579 2381
2568 1573 1575 2381
2569 1574 1574 0
2570 1574 1574 0
2571 1574 1580 0
2572 1574 1574 1972
2573 1574 1629 1972
2574 1574 1576 0
2575 1575 1626 2155
2576 1575 1663 2155
2577 1575 1763 2345
2578 1575 1641 2345
2579 1575 1579 0
2580 1575 1575 0
2581 1575 1575 0
2582 1575 1575 0
2583 1575 1576 0
2584 1575 1601 2547
2585 1575 1602 2547
2586 1575 1591 2497
2587 1575 1605 2497
2588 1576 1576 0
2589 1576 1578 0
2590 1576 1610 2478
2591 1576 1590 2478
2592 1576 1585 2339
2593 1576 1577 2339
2594 1576 1584 0
2595 1577 1669 0
2596 1577 1620 2050
2597 1577 1717 2050
2598 1577 1690 2380
2599 1577 1578 2380
2600 1577 1587 2443
2601 1577 1577 2443
2602 1577 1653 0
2603 1578 1578 0
2604 1578 1602 0
2605 1578 1578 0
2606 1578 1578 0
2607 1578 1579 0
2608 1578 1578 0
2609 1579 1703 0
2610 1579 1586 0
2611 1579 1582 2270
2612 1579 1626 2270
2613 1579 1715 2599
2614 1579 1603 2599
2615 1579 1584 2489
2616 1579 1583 2489
2617 1579 1584 0
2618 1580 1580 0
2619 1580 1582 0
2620 1580 1601 0
2621 1580 1604 2036
2622 1580 1599 2036
2623 1580 1648 2529
2624 1580 1588 2529
2625 1580 1644 2494
2626 1580 1581 2494
2627 1580 1610 2567
2628 1580 1642 2567
2629 1581 1581 0
2630 1581 1583 0
2631 1581 1581 0
2632 1581 1584 2437
2633 1581 1581 2437
2634 1581 1582 0
2635 1582 1582 0
2636 1582 1589 0
2637 1582 1584 0
2638 1582 1667 2543
2639 1582 1670 2543
2640 1582 1582 0
2641 1582 1623 2068
2642 1582 1582 2068
2643 1583 1615 2363
2644 1583 1676 2363
2645 1583 1586 2399
2646 1583 1646 2399
2647 1583 1617 1698
2648 1583 1647 1698
2649 1583 1584 0
2650 1583 1586 0
2651 1583 1616 2129
2652 1583 1627 2129
2653 1583 1611 2464
2654 1583 1611 2464
2655 1583 1601 0
2656 1584 1584 0
2657 1584 1698 2503
2658 1584 1745 2503
2659 1584 1584 0
2660 1584 1587 0
2661 1584 1584 0
2662 1585 1617 2432
2663 1585 1614 2432
2664 1585 1586 2632
2665 1585 1601 2632
2666 1585 1589 2545
2667 1585 1585 2545
2668 1585 1591 2615
2669 1585 1588 2615
2670 1585 1599 1993
2671 1585 1592 1993
2672 1586 1588 0
2673 1586 1607 0
2674 1586 1604 0
2675 1586 1595 2592
2676 1586 1588 2592
2677 1586 1601 2167
2678 1586 1685 2167
2679 1586 1615 2528
2680 1586 1612 2528
2681 1586 1605 2197
2682 1586 1606 2197
2683 1587 1615 2048
2684 1587 1741 2048
2685 1587 1588 0
2686 1587 1592 2473
2687 1587 1597 2473
2688 1587 1589 0
2689 1587 1592 0
2690 1587 1588 0
2691 1588 1712 2519
2692 1588 1763 2519
2693 1589 1592 0
2694 1589 1596 2293
2695 1589 1605 2293
2696 1589 1632 2624
2697 1589 1672 2624
2698 1589 1635 1586
2699 1589 1612 1586
2700 1590 1594 0
2701 1590 1592 0
2702 1590 1590 0
2703 1590 1593 0
2704 1590 1620 2666
2705 1590 1592 2666
2706 1590 1667 2666
2707 1590 1590 2557
2708 1590 1613 2557
2709 1591 1591 0
2710 1591 1594 2165
2711 1591 1595 2165
2712 1591 1638 1855
2713 1591 1683 1855
2714 1592 1608 2143
2715 1592 1641 2143
2716 1592 1597 0
2717 1592 1592 0
2718 1592 1685 2417
2719 1592 1667 2417
2720 1592 1599 2668
2721 1592 1598 2668
2722 1593 1597 0
2723 1593 1636 1828
2724 1593 1646 1828
2725 1593 1607 0
2726 1593 1602 2462
2727 1593 1605 2462
2728 1593 1594 0
2729 1593 1643 0
2730 1593 1631 1808
2731 1593 1654 1808
2732 1594 1596 0
2733 1594 1594 0
2734 1594 1606 0
2735 1595 1595 0
2736 1595 1598 0
2737 1595 1605 2505
2738 1595 1600 2505
2739 1595 1596 0
2740 1595 1604 2546
2741 1595 1704 2546
2742 1596 1599 0
2743 1596 1599 0
2744 1596 1605 2675
2745 1596 1605 2675
2746 1596 1612 2051
2747 1596 1677 2051
2748 1597 1601 0
2749 1597 1599 0
2750 1598 1605 0
2751 1598 1601 2461
2752 1598 1601 2461
2753 1598 1605 0
2754 1598 1602 0
2755 1599 1605 2419
2756 1599 1610 2419
2757 1599 1643 1748
2758 1599 1616 1748
2759 1600 1618 2522
2760 1600 1622 2522
2761 1600 1602 0
2762 1600 1606 0
2763 1600 1613 2485
2764 1600 1628 2485
2765 1600 1603 0
2766 1600 1618 2749
2767 1600 1611 2749
2768 1600 1629 2720
2769 1600 1601 2720
2770 1600 1678 0
2771 1600 1616 2622
2772 1600 1614 2622
2773 1601 1607 2328
2774 1601 1605 2328
2775 1601 1601 0
2776 1601 1616 2738
2777 1601 1632 2738
2778 1602 1602 2751
2779 1602 1606 2751
2780 1602 1611 2665
2781 1602 1602 2665
2782 1602 1664 2063
2783 1602 1634 2063
2784 1602 1619 2677
2785 1602 1679 2677
2786 1602 1697 2549
2787 1602 1632 2549
2788 1602 1611 2495
2789 1602 1611 2495
2790 1603 1609 2778
2791 1603 1607 2778
2792 1603 1604 2781
2793 1603 1609 2781
2794 1603 1615 1775
2795 1603 1620 1775
2796 1603 1657 2585
2797 1603 1657 2585
2798 1603 1604 2272
2799 1603 1605 2272
2800 1604 1617 0
2801 1604 1669 0
2802 1604 1608 1960
2803 1604 1606 1960
2804 1605 1610 0
2805 1605 1611 0
2806 1605 1605 0
2807 1605 1605 0
2808 1605 1709 2379
2809 1605 1731 2379
2810 1605 1623 0
2811 1605 1614 2621
2812 1605 1615 2621
2813 1606 1613 2753
2814 1606 1606 2753
2815 1606 1606 2695
2816 1606 1619 2695
2817 1606 1632 2737
2818 1606 1614 2737
2819 1606 1632 2744
2820 1606 1611 2744
2821 1606 1657 2745
2822 1606 1608 2745
2823 1606 1609 2799
2824 1606 1610 2799
2825 1606 1606 0
2826 1606 1619 2681
2827 1606 1617 2681
2828 1607 1638 2762
2829 1607 1749 2762
2830 1607 1614 2103
2831 1607 1611 2103
2832 1607 1763 2189
2833 1607 1611 2189
2834 1607 1614 0
2835 1607 1607 2779
2836 1607 1718 2779
2837 1608 1608 2360
2838 1608 1611 2360
2839 1608 1744 2835
2840 1608 1614 2835
2841 1608 1613 0
2842 1608 1618 0
2843 1608 1616 0
2844 1609 1618 2406
2845 1609 1702 2406
2846 1609 1626 0
2847 1609 1641 2802
2848 1609 1722 2802
2849 1609 1609 0
2850 1609 1610 0
2851 1609 1609 0
2852 1610 1651 0
2853 1610 1613 2434
2854 1610 1636 2434
2855 1610 1622 0
2856 1610 1637 0
2857 1611 1622 2405
2858 1611 1663 2405
2859 1611 1627 0
2860 1611 1632 0
2861 1611 1617 0
2862 1611 1611 0
2863 1611 1612 0
2864 1611 1671 2266
2865 1611 1616 2266
2866 1611 1611 0
2867 1611 1614 2542
2868 1611 1630 2542
2869 1611 1627 2518
2870 1611 1632 2518
2871 1611 1611 2756
2872 1611 1669 2756
2873 1611 1746 2273
2874 1611 1619 2273
2875 1611 1611 2824
2876 1611 1617 2824
2877 1611 1617 2627
2878 1611 1716 2627
2879 1612 1669 2838
2880 1612 1618 2838
2881 1612 1615 1876
2882 1612 1679 1876
2883 1612 1634 2366
2884 1612 1618 2366
2885 1612 1649 0
2886 1612 1614 2780
2887 1612 1613 2780
2888 1612 1623 2448
2889 1612 1626 2448
2890 1612 1694 2820
2891 1612 1658 2820
2892 1612 1649 2565
2893 1612 1612 2565
2894 1612 1616 2653
2895 1612 1632 2653
2896 1612 1683 2788
2897 1612 1761 2788
2898 1613 1662 2307
2899 1613 1614 2307
2900 1613 1619 2746
2901 1613 1623 2746
2902 1613 1654 1913
2903 1613 1613 1913
2904 1613 1617 2288
2905 1613 1630 2288
2906 1613 1613 0
2907 1614 1615 2223
2908 1614 1614 2223
2909 1614 1615 2038
2910 1614 1616 2038
2911 1614 1614 2887
2912 1614 1619 2887
2913 1614 1635 2387
2914 1614 1615 2387
2915 1614 1618 2813
2916 1614 1618 2813
2917 1614 1614 2708
2918 1614 1694 2708
2919 1614 1614 0
2920 1614 1661 2903
2921 1614 1616 2903
2922 1615 1625 0
2923 1615 1617 2431
2924 1615 1636 2431
2925 1615 1617 2663
2926 1615 1630 2663
2927 1615 1635 2840
2928 1615 1616 2840
2929 1615 1618 0
2930 1615 1617 2886
2931 1615 1616 2886
2932 1615 1625 0
2933 1615 1633 2867
2934 1615 1638 2867
2935 1615 1615 2811
2936 1615 1645 2811
2937 1616 1672 1956
2938 1616 1731 1956
2939 1616 1617 2683
2940 1616 1723 2683
2941 1616 1624 0
2942 1616 1618 2907
2943 1616 1617 2907
2944 1616 1617 0
2945 1616 1616 1770
2946 1616 1641 1770
2947 1616 1708 2914
2948 1616 1620 2914
2949 1616 1631 2794
2950 1616 1696 2794
2951 1616 1638 2679
2952 1616 1616 2679
2953 1616 1707 2812
2954 1616 1756 2812
2955 1616 1635 0
2956 1616 1619 2289
2957 1616 1617 2289
2958 1617 1641 2928
2959 1617 1617 2928
2960 1617 1618 2945
2961 1617 1660 2945
2962 1617 1627 2776
2963 1617 1632 2776
2964 1617 1714 2865
2965 1617 1623 2865
2966 1617 1644 2894
2967 1617 1763 2894
2968 1617 1622 2429
2969 1617 1621 2429
2970 1617 1619 2413
2971 1617 1619 2413
2972 1618 1654 2939
2973 1618 1654 2939
2974 1618 1673 2647
2975 1618 1629 2647
2976 1618 1668 2923
2977 1618 1646 2923
2978 1618 1619 2861
2979 1618 1651 2861
2980 1618 1649 2662
2981 1618 1660 2662
2982 1618 1619 0
2983 1618 1619 2876
2984 1618 1620 2876
2985 1618 1625 2170
2986 1618 1632 2170
2987 1618 1707 1862
2988 1618 1655 1862
2989 1618 1622 2827
2990 1618 1644 2827
2991 1619 1644 0
2992 1619 1644 2318
2993 1619 1626 2318
2994 1619 1621 0
2995 1619 1668 2880
2996 1619 1669 2880
2997 1619 1619 0
2998 1619 1641 2960
2999 1619 1634 2960
3000 1619 1619 2916
3001 1619 1622 2916
3002 1619 1670 2563
3003 1619 1619 2563
3004 1620 1620 0
3005 1620 1629 0
3006 1620 1642 1999
3007 1620 1637 1999
3008 1620 1620 0
3009 1620 1625 2900
3010 1620 1623 2900
3011 1620 1626 2784
3012 1620 1718 2784
3013 1620 1763 2874
3014 1620 1669 2874
3015 1620 1679 2970
3016 1620 1649 2970
3017 1620 1635 2971
3018 1620 1626 2971
3019 1621 1629 0
3020 1621 1621 0
3021 1621 1623 0
3022 1621 1623 0
3023 1621 1621 0
3024 1621 1628 2948
3025 1621 1627 2948
3026 1621 1621 2795
3027 1621 1621 2795
3028 1621 1622 2704
3029 1621 1621 2704
3030 1621 1626 2984
3031 1621 1627 2984
3032 1621 1623 0
3033 1622 1623 0
3034 1622 1624 3027
3035 1622 1630 3027
3036 1623 1669 2857
3037 1623 1697 2857
3038 1623 1624 3001
3039 1623 1625 3001
3040 1623 1625 3028
3041 1623 1624 3028
3042 1623 1631 2989
3043 1623 1635 2989
3044 1623 1646 2968
3045 1623 1635 2968
3046 1624 1626 0
3047 1624 1626 0
3048 1624 1629 2965
3049 1624 1629 2965
3050 1624 1632 3010
3051 1624 1669 3010
3052 1624 1673 0
3053 1624 1624 0
3054 1624 1678 1965
3055 1624 1633 1965
3056 1624 1635 2457
3057 1624 1677 2457
3058 1625 1627 0
3059 1625 1626 0
3060 1625 1625 0
3061 1626 1642 0
3062 1626 1643 0
3063 1626 1763 1527
3064 1626 1717 1527
3065 1626 1628 3039
3066 1626 1626 3039
3067 1626 1629 0
3068 1626 1644 3040
3069 1626 1626 3040
3070 1626 1630 2985
3071 1626 1626 2985
3072 1626 1665 0
3073 1627 1684 2993
3074 1627 1701 2993
3075 1627 1630 0
3076 1627 1627 0
3077 1627 1627 0
3078 1627 1637 3066
3079 1627 1635 3066
3080 1627 1661 2137
3081 1627 1763 2137
3082 1627 1632 2612
3083 1627 1698 2612
3084 1627 1659 3011
3085 1627 1751 3011
3086 1627 1634 3018
3087 1627 1627 3018
3088 1628 1683 2859
3089 1628 1637 2859
3090 1628 1629 0
3091 1628 1629 0
3092 1628 1630 0
3093 1628 1709 3025
3094 1628 1634 3025
3095 1628 1670 2962
3096 1628 1644 2962
3097 1628 1753 2869
3098 1628 1633 2869
3099 1628 1628 3031
3100 1628 1649 3031
3101 1628 1628 0
3102 1629 1629 0
3103 1629 1631 0
3104 1629 1665 2764
3105 1629 1642 2764
3106 1629 1630 0
3107 1630 1674 2975
3108 1630 1638 2975
3109 1630 1636 0
3110 1630 1646 3049
3111 1630 1730 3049
3112 1630 1713 2573
3113 1630 1674 2573
3114 1630 1659 2768
3115 1630 1637 2768
3116 1630 1630 0
3117 1631 1632 0
3118 1631 1632 0
3119 1631 1632 0
3120 1631 1632 0
3121 1631 1763 0
3122 1631 1676 2905
3123 1631 1759 2905
3124 1632 1634 0
3125 1632 1688 0
3126 1632 1632 0
3127 1632 1636 2949
3128 1632 1637 2949
3129 1632 1634 0
3130 1632 1653 3042
3131 1632 1647 3042
3132 1632 1763 2730
3133 1632 1763 2730
3134 1633 1634 0
3135 1633 1634 0
3136 1633 1671 2963
3137 1633 1661 2963
3138 1633 1655 2817
3139 1633 1650 2817
3140 1633 1689 3050
3141 1633 1640 3050
3142 1633 1637 2895
3143 1633 1658 2895
3144 1633 1647 2696
3145 1633 1704 2696
3146 1633 1633 0
3147 1634 1637 0
3148 1634 1635 0
3149 1634 1636 0
3150 1634 1635 0
3151 1634 1638 2933
3152 1634 1655 2933
3153 1634 1637 3098
3154 1634 1634 3098
3155 1634 1648 0
3156 1635 1635 2999
3157 1635 1635 2999
3158 1635 1680 3094
3159 1635 1654 3094
3160 1635 1654 2322
3161 1635 1636 2322
3162 1635 1635 3086
3163 1635 1638 3086
3164 1636 1636 0
3165 1636 1646 0
3166 1636 1637 0
3167 1636 1698 3156
3168 1636 1740 3156
3169 1636 1638 0
3170 1636 1660 2913
3171 1636 1641 2913
3172 1636 1649 0
3173 1636 1642 2698
3174 1636 1707 2698
3175 1636 1637 3017
3176 1636 1636 3017
3177 1636 1697 3056
3178 1636 1763 3056
3179 1637 1684 2723
3180 1637 1648 2723
3181 1637 1648 0
3182 1637 1723 2924
3183 1637 1683 2924
3184 1637 1637 0
3185 1637 1637 3127
3186 1637 1637 3127
3187 1637 1647 3161
3188 1637 1637 3161
3189 1638 1638 0
3190 1638 1638 0
3191 1638 1651 3185
3192 1638 1690 3185
3193 1638 1645 3128
3194 1638 1649 3128
3195 1638 1652 3153
3196 1638 1639 3153
3197 1638 1728 2062
3198 1638 1683 2062
3199 1638 1646 2856
3200 1638 1641 2856
3201 1638 1644 3175
3202 1638 1640 3175
3203 1639 1642 0
3204 1639 1644 2828
3205 1639 1711 2828
3206 1639 1641 0
3207 1639 1641 0
3208 1639 1655 3151
3209 1639 1668 3151
3210 1639 1640 2951
3211 1639 1678 2951
3212 1639 1669 2712
3213 1639 1646 2712
3214 1640 1641 0
3215 1640 1642 0
3216 1640 1642 0
3217 1640 1644 0
3218 1641 1641 0
3219 1641 1646 3141
3220 1641 1652 3141
3221 1641 1641 3202
3222 1641 1642 3202
3223 1642 1642 2847
3224 1642 1709 2847
3225 1642 1643 2715
3226 1642 1659 2715
3227 1642 1644 0
3228 1642 1689 2331
3229 1642 1763 2331
3230 1642 1673 2946
3231 1642 1651 2946
3232 1642 1653 3171
3233 1642 1653 3171
3234 1643 1682 3061
3235 1643 1648 3061
3236 1643 1644 0
3237 1643 1649 0
3238 1643 1647 0
3239 1643 1660 3006
3240 1643 1674 3006
3241 1643 1649 2628
3242 1643 1643 2628
3243 1643 1643 3222
3244 1643 1643 3222
3245 1644 1655 0
3246 1644 1656 0
3247 1644 1644 0
3248 1644 1645 0
3249 1644 1704 2757
3250 1644 1658 2757
3251 1644 1661 0
3252 1644 1645 2729
3253 1644 1710 2729
3254 1645 1720 2992
3255 1645 1668 2992
3256 1645 1648 0
3257 1645 1645 0
3258 1645 1646 3096
3259 1645 1664 3096
3260 1645 1645 3068
3261 1645 1649 3068
3262 1645 1649 2625
3263 1645 1744 2625
3264 1645 1707 2966
3265 1645 1741 2966
3266 1645 1653 0
3267 1645 1748 0
3268 1645 1645 3201
3269 1645 1668 3201
3270 1646 1648 0
3271 1646 1763 0
3272 1646 1649 0
3273 1646 1649 0
3274 1646 1716 3268
3275 1646 1667 3268
3276 1647 1685 2724
3277 1647 1702 2724
3278 1647 1647 2977
3279 1647 1647 2977
3280 1647 1662 0
3281 1647 1729 3110
3282 1647 1762 3110
3283 1647 1647 2261
3284 1647 1662 2261
3285 1647 1649 3044
3286 1647 1683 3044
3287 1648 1746 1890
3288 1648 1689 1890
3289 1648 1664 0
3290 1648 1695 1766
3291 1648 1763 1766
3292 1648 1672 3278
3293 1648 1649 3278
3294 1648 1690 0
3295 1648 1649 3187
3296 1648 1654 3187
3297 1648 1653 3131
3298 1648 1648 3131
3299 1648 1690 3144
3300 1648 1648 3144
3301 1648 1699 0
3302 1649 1696 3180
3303 1649 1669 3180
3304 1649 1655 3181
3305 1649 1700 3181
3306 1649 1659 0
3307 1649 1649 0
3308 1649 1653 2623
3309 1649 1676 2623
3310 1649 1652 3155
3311 1649 1653 3155
3312 1649 1649 0
3313 1650 1763 2342
3314 1650 1651 2342
3315 1650 1683 2980
3316 1650 1651 2980
3317 1650 1659 0
3318 1650 1706 2892
3319 1650 1654 2892
3320 1650 1679 3262
3321 1650 1716 3262
3322 1650 1654 3100
3323 1650 1654 3100
3324 1651 1651 0
3325 1651 1651 0
3326 1651 1653 0
3327 1651 1716 0
3328 1651 1652 3139
3329 1651 1652 3139
3330 1651 1651 0
3331 1652 1652 0
3332 1652 1653 0
3333 1652 1693 2852
3334 1652 1674 2852
3335 1652 1660 3316
3336 1652 1659 3316
3337 1652 1657 3231
3338 1652 1652 3231
3339 1652 1763 3191
3340 1652 1652 3191
3341 1652 1652 0
3342 1653 1658 0
3343 1653 1653 0
3344 1653 1660 3195
3345 1653 1655 3195
3346 1653 1653 3220
3347 1653 1655 3220
3348 1654 1657 3233
3349 1654 1693 3233
3350 1654 1678 0
3351 1654 1692 3297
3352 1654 1729 3297
3353 1654 1697 3308
3354 1654 1681 3308
3355 1654 1681 3308
3356 1654 1724 2602
3357 1654 1654 2602
3358 1655 1763 2972
3359 1655 1763 2972
3360 1655 1659 0
3361 1655 1655 0
3362 1655 1659 0
3363 1655 1676 3296
3364 1655 1671 3296
3365 1655 1702 3319
3366 1655 1657 3319
3367 1655 1714 2491
3368 1655 1763 2491
3369 1655 1659 3323
3370 1655 1687 3323
3371 1655 1724 2427
3372 1655 1686 2427
3373 1655 1655 0
3374 1656 1670 0
3375 1656 1680 3208
3376 1656 1673 3208
3377 1656 1666 3152
3378 1656 1660 3152
3379 1656 1656 3347
3380 1656 1657 3347
3381 1656 1665 0
3382 1656 1737 2988
3383 1656 1657 2988
3384 1657 1664 2550
3385 1657 1658 2550
3386 1657 1699 0
3387 1657 1658 0
3388 1657 1657 0
3389 1658 1658 0
3390 1658 1693 3348
3391 1658 1661 3348
3392 1658 1704 3380
3393 1658 1684 3380
3394 1658 1721 2796
3395 1658 1659 2796
3396 1659 1662 1419
3397 1659 1660 1419
3398 1659 1663 2891
3399 1659 1660 2891
3400 1659 1659 3250
3401 1659 1661 3250
3402 1659 1692 0
3403 1660 1663 0
3404 1660 1660 3226
3405 1660 1660 3226
3406 1660 1660 0
3407 1660 1661 0
3408 1660 1665 3336
3409 1660 1688 3336
3410 1660 1694 1872
3411 1660 1708 1872
3412 1660 1666 3400
3413 1660 1660 3400
3414 1660 1760 3114
3415 1660 1667 3114
3416 1660 1679 3395
3417 1660 1699 3395
3418 1661 1763 3405
3419 1661 1668 3405
3420 1661 1664 0
3421 1661 1675 0
3422 1661 1705 3335
3423 1661 1716 3335
3424 1661 1729 2961
3425 1661 1673 2961
3426 1661 1661 3170
3427 1661 1745 3170
3428 1661 1666 3344
3429 1661 1666 3344
3430 1661 1666 0
3431 1662 1763 3426
3432 1662 1690 3426
3433 1662 1685 2072
3434 1662 1680 2072
3435 1662 1673 3137
3436 1662 1662 3137
3437 1662 1694 3251
3438 1662 1679 3251
3439 1663 1663 0
3440 1663 1663 0
3441 1663 1718 3396
3442 1663 1747 3396
3443 1663 1671 2898
3444 1663 1763 2898
3445 1663 1663 3284
3446 1663 1723 3284
3447 1663 1694 3284
3448 1664 1721 2858
3449 1664 1667 2858
3450 1664 1664 0
3451 1664 1666 3398
3452 1664 1734 3398
3453 1665 1696 0
3454 1665 1665 0
3455 1665 1718 3259
3456 1665 1680 3259
3457 1666 1671 0
3458 1666 1672 0
3459 1666 1704 3104
3460 1666 1670 3104
3461 1667 1667 0
3462 1667 1667 0
3463 1667 1667 0
3464 1667 1680 3429
3465 1667 1680 3429
3466 1667 1691 3377
3467 1667 1675 3377
3468 1667 1715 3412
3469 1667 1667 3412
3470 1667 1669 3430
3471 1667 1673 3430
3472 1668 1717 3449
3473 1668 1671 3449
3474 1668 1668 0
3475 1668 1707 2706
3476 1668 1699 2706
3477 1668 1706 2719
3478 1668 1713 2719
3479 1668 1672 3415
3480 1668 1694 3415
3481 1669 1683 3255
3482 1669 1684 3255
3483 1669 1669 3419
3484 1669 1763 3419
3485 1669 1687 2976
3486 1669 1674 2976
3487 1669 1708 3209
3488 1669 1669 3209
3489 1669 1676 3269
3490 1669 1730 3269
3491 1670 1685 2996
3492 1670 1687 2996
3493 1670 1699 3303
3494 1670 1681 3303
3495 1670 1700 2595
3496 1670 1744 2595
3497 1670 1733 2030
3498 1670 1693 2030
3499 1670 1675 0
3500 1670 1703 2011
3501 1670 1678 2011
3502 1670 1738 2872
3503 1670 1670 2872
3504 1670 1680 3212
3505 1670 1672 3212
3506 1671 1676 0
3507 1671 1763 3460
3508 1671 1674 3460
3509 1671 1680 3095
3510 1671 1671 3095
3511 1671 1720 2639
3512 1671 1679 2639
3513 1672 1672 0
3514 1672 1676 0
3515 1672 1756 3443
3516 1672 1685 3443
3517 1672 1734 3136
3518 1672 1713 3136
3519 1672 1672 0
3520 1673 1723 2937
3521 1673 1731 2937
3522 1673 1682 3292
3523 1673 1682 3292
3524 1673 1694 3479
3525 1673 1691 3479
3526 1673 1730 2697
3527 1673 1678 2697
3528 1673 1706 2354
3529 1673 1681 2354
3530 1674 1755 2974
3531 1674 1693 2974
3532 1674 1675 0
3533 1674 1689 3230
3534 1674 1689 3230
3535 1674 1688 3425
3536 1674 1688 3425
3537 1674 1699 3376
3538 1674 1704 3376
3539 1674 1699 3052
3540 1674 1726 3052
3541 1675 1676 0
3542 1675 1687 3486
3543 1675 1705 3486
3544 1675 1694 3240
3545 1675 1679 3240
3546 1675 1679 3113
3547 1675 1675 3113
3548 1675 1675 0
3549 1676 1763 2190
3550 1676 1713 2190
3551 1677 1678 2644
3552 1677 1687 2644
3553 1677 1682 0
3554 1677 1682 0
3555 1677 1678 3363
3556 1677 1696 3363
3557 1677 1679 3122
3558 1677 1751 3122
3559 1677 1685 3309
3560 1677 1677 3309
3561 1677 1677 0
3562 1678 1681 0
3563 1678 1683 0
3564 1678 1679 0
3565 1678 1716 2502
3566 1678 1693 2502
3567 1678 1763 2747
3568 1678 1692 2747
3569 1679 1684 0
3570 1679 1682 2770
3571 1679 1682 2770
3572 1679 1731 3527
3573 1679 1763 3527
3574 1679 1680 0
3575 1680 1681 0
3576 1680 1680 0
3577 1680 1696 3545
3578 1680 1680 3545
3579 1680 1681 3546
3580 1680 1680 3546
3581 1680 1724 3320
3582 1680 1712 3320
3583 1680 1700 3416
3584 1680 1762 3416
3585 1680 1702 3015
3586 1680 1739 3015
3587 1680 1682 0
3588 1681 1690 0
3589 1681 1683 3158
3590 1681 1682 3158
3591 1681 1708 3509
3592 1681 1716 3509
3593 1681 1685 3465
3594 1681 1684 3465
3595 1681 1701 3375
3596 1681 1693 3375
3597 1681 1706 3504
3598 1681 1690 3504
3599 1682 1697 3494
3600 1682 1686 3494
3601 1682 1695 0
3602 1682 1683 3579
3603 1682 1683 3579
3604 1682 1702 2508
3605 1682 1708 2508
3606 1682 1694 3354
3607 1682 1706 3354
3608 1682 1685 3529
3609 1682 1688 3529
3610 1683 1686 0
3611 1683 1684 0
3612 1683 1691 3522
3613 1683 1683 3522
3614 1683 1708 1494
3615 1683 1714 1494
3616 1683 1716 3571
3617 1683 1695 3571
3618 1684 1685 3088
3619 1684 1704 3088
3620 1684 1693 0
3621 1684 1690 3183
3622 1684 1690 3183
3623 1684 1685 3315
3624 1684 1749 3315
3625 1684 1684 0
3626 1684 1693 3589
3627 1684 1704 3589
3628 1684 1690 0
3629 1684 1728 3602
3630 1684 1690 3602
3631 1684 1699 3198
3632 1684 1700 3198
3633 1684 1720 2713
3634 1684 1763 2713
3635 1684 1708 2713
3636 1685 1685 3482
3637 1685 1685 3482
3638 1685 1697 3179
3639 1685 1686 3179
3640 1685 1707 3393
3641 1685 1685 3393
3642 1686 1691 0
3643 1686 1702 3491
3644 1686 1691 3491
3645 1686 1690 3637
3646 1686 1696 3637
3647 1686 1686 2499
3648 1686 1691 2499
3649 1686 1688 0
3650 1686 1698 3433
3651 1686 1763 3433
3652 1686 1737 3593
3653 1686 1690 3593
3654 1686 1699 2718
3655 1686 1699 2718
3656 1686 1735 2678
3657 1686 1713 2678
3658 1686 1724 3559
3659 1686 1686 3559
3660 1686 1686 0
3661 1687 1695 0
3662 1687 1687 3647
3663 1687 1702 3647
3664 1687 1687 0
3665 1687 1690 0
3666 1687 1755 3372
3667 1687 1763 3372
3668 1687 1691 2325
3669 1687 1688 2325
3670 1688 1688 3492
3671 1688 1688 3492
3672 1688 1695 0
3673 1688 1693 3552
3674 1688 1693 3552
3675 1688 1695 0
3676 1688 1694 3370
3677 1688 1696 3370
3678 1689 1701 3670
3679 1689 1706 3670
3680 1689 1694 0
3681 1689 1698 3409
3682 1689 1701 3409
3683 1689 1707 3536
3684 1689 1747 3536
3685 1689 1691 3609
3686 1689 1720 3609
3687 1690 1748 3288
3688 1690 1693 3288
3689 1690 1739 3533
3690 1690 1763 3533
3691 1690 1694 0
3692 1690 1713 3140
3693 1690 1713 3140
3694 1691 1697 3645
3695 1691 1702 3645
3696 1691 1700 0
3697 1691 1691 3621
3698 1691 1693 3621
3699 1691 1763 3432
3700 1691 1716 3432
3701 1691 1694 2598
3702 1691 1763 2598
3703 1691 1691 0
3704 1691 1691 3630
3705 1691 1734 3630
3706 1691 1719 3299
3707 1691 1691 3299
3708 1692 1763 3642
3709 1692 1693 3642
3710 1692 1693 3648
3711 1692 1693 3648
3712 1692 1763 3612
3713 1692 1693 3612
3714 1692 1698 0
3715 1692 1699 3466
3716 1692 1693 3466
3717 1692 1727 2391
3718 1692 1730 2391
3719 1692 1763 3525
3720 1692 1694 3525
3721 1692 1706 3668
3722 1692 1706 3668
3723 1693 1693 0
3724 1693 1693 0
3725 1693 1763 3568
3726 1693 1763 3568
3727 1693 1701 3402
3728 1693 1735 3402
3729 1694 1705 0
3730 1694 1728 3711
3731 1694 1703 3711
3732 1694 1694 3620
3733 1694 1746 3620
3734 1694 1696 3674
3735 1694 1733 3674
3736 1694 1695 3566
3737 1694 1752 3566
3738 1694 1731 3333
3739 1694 1696 3333
3740 1694 1724 3698
3741 1694 1706 3698
3742 1694 1756 3349
3743 1694 1718 3349
3744 1694 1742 2292
3745 1694 1716 2292
3746 1694 1716 2018
3747 1694 1725 2018
3748 1694 1695 3596
3749 1694 1727 3596
3750 1695 1700 0
3751 1695 1763 3544
3752 1695 1695 3544
3753 1695 1701 0
3754 1695 1704 3701
3755 1695 1754 3701
3756 1695 1710 0
3757 1695 1724 3447
3758 1695 1696 3447
3759 1695 1762 3524
3760 1695 1736 3524
3761 1695 1695 3480
3762 1695 1696 3480
3763 1695 1760 3437
3764 1695 1723 3437
3765 1696 1696 0
3766 1696 1698 3661
3767 1696 1698 3661
3768 1696 1699 0
3769 1696 1763 3736
3770 1696 1740 3736
3771 1696 1705 3675
3772 1696 1709 3675
3773 1696 1703 0
3774 1696 1700 3617
3775 1696 1706 3617
3776 1697 1702 0
3777 1697 1710 3453
3778 1697 1718 3453
3779 1697 1711 0
3780 1697 1709 3765
3781 1697 1697 3765
3782 1697 1708 3734
3783 1697 1708 3734
3784 1697 1735 3577
3785 1697 1702 3577
3786 1697 1697 0
3787 1697 1763 2950
3788 1697 1704 2950
3789 1697 1699 3556
3790 1697 1730 3556
3791 1697 1763 3758
3792 1697 1726 3758
3793 1697 1727 3762
3794 1697 1763 3762
3795 1698 1699 3694
3796 1698 1711 3694
3797 1698 1702 0
3798 1698 1701 3599
3799 1698 1723 3599
3800 1698 1715 0
3801 1698 1763 2009
3802 1698 1763 2009
3803 1698 1723 3353
3804 1698 1719 3353
3805 1698 1726 3177
3806 1698 1708 3177
3807 1699 1706 3767
3808 1699 1723 3767
3809 1699 1724 2657
3810 1699 1723 2657
3811 1699 1719 3650
3812 1699 1763 3650
3813 1699 1719 3083
3814 1699 1719 3083
3815 1700 1702 3493
3816 1700 1762 3493
3817 1700 1700 0
3818 1700 1701 0
3819 1700 1708 0
3820 1700 1701 3715
3821 1700 1716 3715
3822 1700 1763 3537
3823 1700 1763 3537
3824 1700 1708 3476
3825 1700 1708 3476
3826 1700 1705 3539
3827 1700 1719 3539
3828 1700 1716 3417
3829 1700 1741 3417
3830 1700 1734 3301
3831 1700 1763 3301
3832 1701 1763 3495
3833 1701 1728 3495
3834 1701 1704 3305
3835 1701 1701 3305
3836 1701 1763 3696
3837 1701 1704 3696
3838 1701 1740 3632
3839 1701 1730 3632
3840 1701 1712 3774
3841 1701 1719 3774
3842 1702 1756 3074
3843 1702 1712 3074
3844 1702 1709 3798
3845 1702 1705 3798
3846 1702 1710 2279
3847 1702 1763 2279
3848 1702 1758 3682
3849 1702 1726 3682
3850 1702 1763 3753
3851 1702 1704 3753
3852 1702 1720 3820
3853 1702 1730 3820
3854 1702 1708 3727
3855 1702 1708 3727
3856 1703 1749 2845
3857 1703 1717 2845
3858 1703 1712 3643
3859 1703 1730 3643
3860 1703 1716 3797
3861 1703 1710 3797
3862 1703 1740 3695
3863 1703 1703 3695
3864 1703 1763 2304
3865 1703 1704 2304
3866 1703 1703 0
3867 1703 1703 3365
3868 1703 1716 3365
3869 1703 1708 3604
3870 1703 1743 3604
3871 1704 1708 2609
3872 1704 1706 2609
3873 1704 1719 3731
3874 1704 1763 3731
3875 1704 1704 0
3876 1704 1706 0
3877 1704 1705 3500
3878 1704 1704 3500
3879 1705 1711 3619
3880 1705 1763 3619
3881 1705 1763 2078
3882 1705 1722 2078
3883 1705 1709 0
3884 1705 1708 3627
3885 1705 1738 3627
3886 1705 1763 3788
3887 1705 1763 3788
3888 1705 1708 3538
3889 1705 1707 3538
3890 1705 1709 3249
3891 1705 1705 3249
3892 1705 1730 2452
3893 1705 1726 2452
3894 1705 1763 3145
3895 1705 1706 3145
3896 1706 1754 0
3897 1706 1709 0
3898 1706 1722 0
3899 1706 1713 3543
3900 1706 1715 3543
3901 1706 1722 3771
3902 1706 1707 3771
3903 1706 1763 0
3904 1706 1763 3877
3905 1706 1748 3877
3906 1707 1707 0
3907 1707 1708 0
3908 1707 1716 0
3909 1707 1713 3741
3910 1707 1709 3741
3911 1707 1763 3477
3912 1707 1763 3477
3913 1707 1763 3597
3914 1707 1763 3597
3915 1707 1750 3722
3916 1707 1714 3722
3917 1707 1708 2465
3918 1707 1716 2465
3919 1707 1724 3775
3920 1707 1714 3775
3921 1707 1717 2382
3922 1707 1710 2382
3923 1708 1727 0
3924 1708 1714 0
3925 1708 1751 3683
3926 1708 1738 3683
3927 1708 1710 0
3928 1708 1710 3640
3929 1708 1710 3640
3930 1708 1763 3475
3931 1708 1763 3475
3932 1708 1736 3264
3933 1708 1732 3264
3934 1709 1717 3871
3935 1709 1712 3871
3936 1709 1712 0
3937 1709 1763 3782
3938 1709 1763 3782
3939 1709 1727 3411
3940 1709 1721 3411
3941 1709 1763 2947
3942 1709 1763 2947
3943 1709 1722 3591
3944 1709 1751 3591
3945 1709 1763 3888
3946 1709 1758 3888
3947 1709 1760 3824
3948 1709 1763 3824
3949 1709 1720 3614
3950 1709 1763 3614
3951 1709 1726 3854
3952 1709 1725 3854
3953 1709 1733 3869
3954 1709 1726 3869
3955 1709 1763 3917
3956 1709 1726 3917
3957 1709 1713 3635
3958 1709 1717 3635
3959 1709 1724 0
3960 1710 1712 3780
3961 1710 1737 3780
3962 1710 1710 0
3963 1710 1715 0
3964 1710 1710 0
3965 1710 1721 0
3966 1710 1712 0
3967 1710 1716 3093
3968 1710 1759 3093
3969 1710 1763 2808
3970 1710 1710 2808
3971 1710 1713 3890
3972 1710 1711 3890
3973 1711 1718 0
3974 1711 1711 3777
3975 1711 1763 3777
3976 1711 1763 3928
3977 1711 1763 3928
3978 1711 1739 0
3979 1711 1714 0
3980 1712 1716 3796
3981 1712 1712 3796
3982 1712 1763 3879
3983 1712 1741 3879
3984 1712 1747 3205
3985 1712 1746 3205
3986 1712 1730 0
3987 1712 1720 0
3988 1712 1763 0
3989 1712 1712 0
3990 1712 1715 0
3991 1713 1715 3858
3992 1713 1714 3858
3993 1713 1715 3843
3994 1713 1716 3843
3995 1713 1714 0
3996 1713 1714 2691
3997 1713 1713 2691
3998 1713 1719 3582
3999 1713 1715 3582
4000 1713 1763 3840
4001 1713 1723 3840
4002 1714 1717 0
4003 1714 1714 0
4004 1714 1720 0
4005 1714 1755 3909
4006 1714 1723 3909
4007 1714 1763 3550
4008 1714 1763 3550
4009 1714 1720 0
4010 1714 1744 3693
4011 1714 1763 3693
4012 1714 1714 0
4013 1714 1741 3971
4014 1714 1731 3971
4015 1714 1763 3957
4016 1714 1761 3957
4017 1715 1724 0
4018 1715 1731 2964
4019 1715 1763 2964
4020 1715 1716 0
4021 1715 1715 3996
4022 1715 1720 3996
4023 1715 1720 3615
4024 1715 1723 3615
4025 1715 1724 3916
4026 1715 1751 3916
4027 1715 1724 3920
4028 1715 1724 3920
4029 1716 1745 3993
4030 1716 1740 3993
4031 1716 1716 0
4032 1716 1716 0
4033 1716 1720 0
4034 1716 1742 3800
4035 1716 1747 3800
4036 1716 1763 3468
4037 1716 1760 3468
4038 1716 1749 2613
4039 1716 1729 2613
4040 1717 1723 3994
4041 1717 1717 3994
4042 1717 1718 0
4043 1717 1759 3908
4044 1717 1717 3908
4045 1717 1744 3565
4046 1717 1720 3565
4047 1717 1763 3423
4048 1717 1722 3423
4049 1717 1763 3700
4050 1717 1763 3700
4051 1717 1718 0
4052 1717 1738 3592
4053 1717 1730 3592
4054 1717 1763 3745
4055 1717 1723 3745
4056 1717 1763 3746
4057 1717 1722 3746
4058 1717 1719 3868
4059 1717 1717 3868
4060 1717 1718 3321
4061 1717 1733 3321
4062 1717 1763 2878
4063 1717 1763 2878
4064 1717 1750 3274
4065 1717 1725 3274
4066 1717 1735 3918
4067 1717 1741 3918
4068 1718 1724 3857
4069 1718 1743 3857
4070 1718 1724 0
4071 1718 1723 4041
4072 1718 1731 4041
4073 1718 1744 3064
4074 1718 1753 3064
4075 1718 1747 1946
4076 1718 1736 1946
4077 1718 1763 4059
4078 1718 1745 4059
4079 1718 1722 0
4080 1718 1724 3921
4081 1718 1730 3921
4082 1718 1719 0
4083 1719 1748 3973
4084 1719 1721 3973
4085 1719 1731 3778
4086 1719 1761 3778
4087 1719 1722 0
4088 1719 1720 3743
4089 1719 1763 3743
4090 1719 1725 3455
4091 1719 1725 3455
4092 1719 1719 0
4093 1719 1752 0
4094 1720 1727 3873
4095 1720 1721 3873
4096 1720 1731 3811
4097 1720 1763 3811
4098 1720 1722 3814
4099 1720 1763 3814
4100 1720 1755 3998
4101 1720 1724 3998
4102 1720 1741 3827
4103 1720 1740 3827
4104 1720 1729 3841
4105 1720 1747 3841
4106 1721 1733 0
4107 1721 1763 4088
4108 1721 1763 4088
4109 1721 1728 3852
4110 1721 1729 3852
4111 1721 1721 0
4112 1721 1721 4022
4113 1721 1763 4022
4114 1721 1763 3511
4115 1721 1763 3511
4116 1721 1763 3949
4117 1721 1723 3949
4118 1721 1724 0
4119 1722 1737 4095
4120 1722 1750 4095
4121 1722 1723 0
4122 1722 1730 3965
4123 1722 1763 3965
4124 1722 1763 3940
4125 1722 1763 3940
4126 1722 1734 0
4127 1722 1763 3394
4128 1722 1763 3394
4129 1722 1736 0
4130 1723 1723 3882
4131 1723 1723 3882
4132 1723 1727 3901
4133 1723 1753 3901
4134 1723 1728 3943
4135 1723 1734 3943
4136 1723 1723 0
4137 1724 1724 4040
4138 1724 1728 4040
4139 1724 1763 3808
4140 1724 1730 3808
4141 1724 1745 2940
4142 1724 1763 2940
4143 1724 1763 4131
4144 1724 1763 4131
4145 1724 1727 0
4146 1724 1751 3182
4147 1724 1763 3182
4148 1724 1750 4055
4149 1724 1724 4055
4150 1724 1724 0
4151 1724 1754 3446
4152 1724 1754 3446
4153 1724 1759 4024
4154 1724 1724 4024
4155 1724 1730 3803
4156 1724 1763 3803
4157 1724 1743 3764
4158 1724 1739 3764
4159 1725 1739 0
4160 1725 1732 4137
4161 1725 1728 4137
4162 1725 1732 0
4163 1725 1728 0
4164 1725 1763 3809
4165 1725 1763 3809
4166 1725 1763 3740
4167 1725 1758 3740
4168 1725 1761 3581
4169 1725 1755 3581
4170 1725 1763 2193
4171 1725 1763 2193
4172 1725 1730 3757
4173 1725 1739 3757
4174 1725 1763 4025
4175 1725 1735 4025
4176 1725 1763 3356
4177 1725 1759 3356
4178 1725 1749 4027
4179 1725 1725 4027
4180 1725 1726 0
4181 1725 1763 3959
4182 1725 1763 3959
4183 1726 1747 0
4184 1726 1726 0
4185 1726 1763 4090
4186 1726 1763 4090
4187 1726 1763 3747
4188 1726 1728 3747
4189 1726 1726 3952
4190 1726 1730 3952
4191 1726 1763 4065
4192 1726 1735 4065
4193 1726 1751 4179
4194 1726 1741 4179
4195 1727 1727 0
4196 1727 1728 4189
4197 1727 1731 4189
4198 1727 1763 3954
4199 1727 1751 3954
4200 1727 1751 3956
4201 1727 1751 3956
4202 1727 1736 3805
4203 1727 1739 3805
4204 1727 1728 0
4205 1727 1731 0
4206 1728 1762 0
4207 1728 1763 0
4208 1728 1741 0
4209 1728 1747 3939
4210 1728 1739 3939
4211 1728 1728 0
4212 1728 1738 3717
4213 1728 1758 3717
4214 1728 1760 3793
4215 1728 1744 3793
4216 1729 1747 4138
4217 1729 1739 4138
4218 1729 1762 3730
4219 1729 1763 3730
4220 1729 1763 3833
4221 1729 1763 3833
4222 1729 1763 0
4223 1729 1763 4134
4224 1729 1753 4134
4225 1729 1729 4109
4226 1729 1748 4109
4227 1729 1735 0
4228 1729 1743 0
4229 1729 1763 3197
4230 1729 1746 3197
4231 1730 1738 3424
4232 1730 1747 3424
4233 1730 1746 3281
4234 1730 1737 3281
4235 1730 1730 4110
4236 1730 1763 4110
4237 1730 1730 0
4238 1730 1744 3352
4239 1730 1763 3352
4240 1730 1754 0
4241 1731 1744 3859
4242 1731 1763 3859
4243 1731 1731 0
4244 1731 1754 4053
4245 1731 1744 4053
4246 1731 1734 4235
4247 1731 1733 4235
4248 1731 1745 3111
4249 1731 1733 3111
4250 1731 1760 3718
4251 1731 1760 3718
4252 1731 1763 3892
4253 1731 1743 3892
4254 1731 1732 3526
4255 1731 1738 3526
4256 1732 1763 4085
4257 1732 1763 4085
4258 1732 1736 0
4259 1732 1763 3521
4260 1732 1755 3521
4261 1732 1737 3738
4262 1732 1743 3738
4263 1732 1738 0
4264 1732 1752 4096
4265 1732 1752 4096
4266 1732 1732 0
4267 1732 1751 4014
4268 1732 1733 4014
4269 1732 1738 2809
4270 1732 1742 2809
4271 1732 1735 4197
4272 1732 1739 4197
4273 1732 1734 0
4274 1732 1737 3572
4275 1732 1748 3572
4276 1732 1735 3572
4277 1733 1747 4160
4278 1733 1739 4160
4279 1733 1733 0
4280 1733 1733 0
4281 1733 1734 0
4282 1733 1751 0
4283 1733 1733 0
4284 1734 1747 0
4285 1734 1763 3735
4286 1734 1763 3735
4287 1734 1745 4249
4288 1734 1747 4249
4289 1734 1743 0
4290 1734 1763 4061
4291 1734 1751 4061
4292 1734 1751 3953
4293 1734 1757 3953
4294 1735 1736 0
4295 1735 1737 0
4296 1735 1753 4135
4297 1735 1763 4135
4298 1735 1747 3517
4299 1735 1738 3517
4300 1735 1746 4246
4301 1735 1738 4246
4302 1735 1748 3705
4303 1735 1736 3705
4304 1735 1763 3452
4305 1735 1763 3452
4306 1735 1737 3830
4307 1735 1737 3830
4308 1735 1735 0
4309 1736 1758 3784
4310 1736 1736 3784
4311 1736 1738 0
4312 1736 1739 4271
4313 1736 1744 4271
4314 1736 1759 3728
4315 1736 1740 3728
4316 1736 1754 2237
4317 1736 1763 2237
4318 1736 1763 3656
4319 1736 1763 3656
4320 1736 1763 4066
4321 1736 1763 4066
4322 1736 1741 4192
4323 1736 1736 4192
4324 1737 1762 4076
4325 1737 1749 4076
4326 1737 1740 0
4327 1737 1737 3760
4328 1737 1748 3760
4329 1737 1763 3932
4330 1737 1740 3932
4331 1737 1740 0
4332 1738 1762 3961
4333 1738 1741 3961
4334 1738 1763 4261
4335 1738 1752 4261
4336 1738 1762 3652
4337 1738 1763 3652
4338 1738 1763 3382
4339 1738 1759 3382
4340 1738 1763 2383
4341 1738 1739 2383
4342 1738 1763 4307
4343 1738 1763 4307
4344 1738 1763 0
4345 1738 1741 4274
4346 1738 1747 4274
4347 1738 1743 0
4348 1739 1752 0
4349 1739 1762 3926
4350 1739 1763 3926
4351 1739 1763 3885
4352 1739 1763 3885
4353 1739 1742 0
4354 1739 1739 0
4355 1739 1763 4299
4356 1739 1760 4299
4357 1739 1763 3502
4358 1739 1743 3502
4359 1739 1752 4212
4360 1739 1763 4212
4361 1740 1744 4217
4362 1740 1763 4217
4363 1740 1763 0
4364 1740 1763 4210
4365 1740 1755 4210
4366 1740 1742 0
4367 1740 1758 4312
4368 1740 1747 4312
4369 1740 1740 4173
4370 1740 1760 4173
4371 1740 1763 3586
4372 1740 1750 3586
4373 1740 1762 4203
4374 1740 1752 4203
4375 1740 1763 4341
4376 1740 1743 4341
4377 1741 1744 4030
4378 1741 1743 4030
4379 1741 1763 3862
4380 1741 1753 3862
4381 1741 1763 3770
4382 1741 1759 3770
4383 1741 1742 0
4384 1741 1743 0
4385 1741 1752 4315
4386 1741 1752 4315
4387 1741 1763 3838
4388 1741 1763 3838
4389 1742 1754 3983
4390 1742 1751 3983
4391 1742 1763 2684
4392 1742 1763 2684
4393 1742 1749 4013
4394 1742 1763 4013
4395 1742 1742 0
4396 1742 1763 4102
4397 1742 1763 4102
4398 1742 1743 4345
4399 1742 1763 4345
4400 1742 1751 3265
4401 1742 1743 3265
4402 1742 1763 4067
4403 1742 1746 4067
4404 1742 1743 4345
4405 1742 1749 0
4406 1742 1742 0
4407 1743 1743 0
4408 1743 1763 2334
4409 1743 1763 2334
4410 1743 1750 3744
4411 1743 1763 3744
4412 1743 1745 0
4413 1744 1747 4378
4414 1744 1755 4378
4415 1744 1761 4262
4416 1744 1750 4262
4417 1744 1748 0
4418 1744 1744 0
4419 1744 1763 2233
4420 1744 1747 2233
4421 1744 1746 0
4422 1744 1744 4228
4423 1744 1744 4228
4424 1744 1763 4157
4425 1744 1763 4157
4426 1744 1763 4398
4427 1744 1746 4398
4428 1744 1751 4401
4429 1744 1745 4401
4430 1744 1744 0
4431 1745 1748 4241
4432 1745 1746 4241
4433 1745 1749 0
4434 1745 1755 3496
4435 1745 1763 3496
4436 1745 1748 2839
4437 1745 1763 2839
4438 1745 1763 2365
4439 1745 1763 2365
4440 1745 1763 4010
4441 1745 1763 4010
4442 1745 1746 0
4443 1745 1756 0
4444 1745 1747 4313
4445 1745 1752 4313
4446 1745 1763 4215
4447 1745 1763 4215
4448 1745 1751 3263
4449 1745 1759 3263
4450 1745 1763 4423
4451 1745 1755 4423
4452 1745 1753 0
4453 1746 1747 4029
4454 1746 1747 4029
4455 1746 1763 4141
4456 1746 1763 4141
4457 1746 1746 0
4458 1746 1755 2658
4459 1746 1763 2658
4460 1746 1747 3427
4461 1746 1748 3427
4462 1746 1746 0
4463 1746 1763 4248
4464 1746 1763 4248
4465 1746 1751 4078
4466 1746 1746 4078
4467 1746 1747 0
4468 1747 1753 0
4469 1747 1763 3287
4470 1747 1763 3287
4471 1747 1754 0
4472 1747 1748 0
4473 1747 1749 0
4474 1747 1749 0
4475 1747 1759 2873
4476 1747 1759 2873
4477 1747 1755 4230
4478 1747 1757 4230
4479 1748 1763 0
4480 1748 1763 4453
4481 1748 1763 4453
4482 1748 1749 4454
4483 1748 1756 4454
4484 1748 1749 4413
4485 1748 1759 4413
4486 1748 1749 0
4487 1748 1752 3984
4488 1748 1763 3984
4489 1748 1763 4209
4490 1748 1763 4209
4491 1748 1763 3684
4492 1748 1760 3684
4493 1748 1754 4232
4494 1748 1751 4232
4495 1748 1763 4298
4496 1748 1751 4298
4497 1748 1748 0
4498 1748 1748 4420
4499 1748 1763 4420
4500 1748 1751 0
4501 1748 1753 0
4502 1748 1749 0
4503 1748 1763 4368
4504 1748 1763 4368
4505 1748 1753 4467
4506 1748 1758 4467
4507 1748 1749 4105
4508 1748 1751 4105
4509 1748 1748 0
4510 1749 1763 4431
4511 1749 1763 4431
4512 1749 1763 4436
4513 1749 1763 4436
4514 1749 1763 4461
4515 1749 1763 4461
4516 1749 1750 0
4517 1749 1763 3905
4518 1749 1763 3905
4519 1749 1763 4226
4520 1749 1759 4226
4521 1749 1749 4302
4522 1749 1763 4302
4523 1749 1763 4328
4524 1749 1763 4328
4525 1749 1763 4275
4526 1749 1750 4275
4527 1750 1763 3856
4528 1750 1763 3856
4529 1750 1753 4482
4530 1750 1755 4482
4531 1750 1763 2829
4532 1750 1763 2829
4533 1750 1750 0
4534 1750 1758 0
4535 1750 1763 4325
4536 1750 1758 4325
4537 1750 1750 0
4538 1750 1763 4038
4539 1750 1763 4038
4540 1750 1759 4393
4541 1750 1763 4393
4542 1750 1763 4178
4543 1750 1752 4178
4544 1751 1763 0
4545 1751 1763 4410
4546 1751 1763 4410
4547 1751 1753 0
4548 1751 1751 4372
4549 1751 1755 4372
4550 1751 1755 3915
4551 1751 1752 3915
4552 1751 1751 0
4553 1752 1763 4390
4554 1752 1752 4390
4555 1752 1752 0
4556 1752 1752 0
4557 1752 1752 0
4558 1752 1753 0
4559 1752 1759 3925
4560 1752 1762 3925
4561 1752 1753 0
4562 1752 1760 4494
4563 1752 1763 4494
4564 1752 1752 0
4565 1752 1754 0
4566 1752 1753 0
4567 1752 1763 4267
4568 1752 1752 4267
4569 1752 1763 3085
4570 1752 1763 3085
4571 1752 1763 4465
4572 1752 1754 4465
4573 1752 1763 4282
4574 1752 1761 4282
4575 1752 1755 4199
4576 1752 1757 4199
4577 1752 1763 4448
4578 1752 1763 4448
4579 1752 1754 4400
4580 1752 1763 4400
4581 1752 1763 4201
4582 1752 1763 4201
4583 1752 1756 3558
4584 1752 1755 3558
4585 1752 1755 0
4586 1752 1763 0
4587 1752 1759 4428
4588 1752 1752 4428
4589 1753 1753 4487
4590 1753 1763 4487
4591 1753 1758 3737
4592 1753 1759 3737
4593 1753 1763 4264
4594 1753 1763 4264
4595 1753 1758 4359
4596 1753 1763 4359
4597 1753 1754 0
4598 1753 1763 4093
4599 1753 1762 4093
4600 1753 1758 4445
4601 1753 1763 4445
4602 1753 1763 4374
4603 1753 1755 4374
4604 1754 1763 4468
4605 1754 1757 4468
4606 1754 1763 4589
4607 1754 1763 4589
4608 1754 1756 0
4609 1754 1763 4074
4610 1754 1763 4074
4611 1754 1763 3097
4612 1754 1763 3097
4613 1754 1763 4296
4614 1754 1763 4296
4615 1754 1754 0
4616 1754 1763 4505
4617 1754 1763 4505
4618 1755 1763 4389
4619 1755 1762 4389
4620 1755 1756 0
4621 1755 1763 3896
4622 1755 1763 3896
4623 1755 1758 0
4624 1755 1757 0
4625 1755 1763 4493
4626 1755 1763 4493
4627 1755 1763 3755
4628 1755 1763 3755
4629 1755 1758 0
4630 1755 1755 0
4631 1755 1763 4151
4632 1755 1755 4151
4633 1755 1763 4240
4634 1755 1763 4240
4635 1755 1755 0
4636 1756 1761 4530
4637 1756 1761 4530
4638 1756 1758 0
4639 1756 1763 4458
4640 1756 1763 4458
4641 1756 1756 0
4642 1756 1763 4434
4643 1756 1763 4434
4644 1756 1757 0
4645 1756 1763 4005
4646 1756 1763 4005
4647 1756 1757 4632
4648 1756 1761 4632
4649 1756 1763 4169
4650 1756 1763 4169
4651 1756 1763 3666
4652 1756 1761 3666
4653 1756 1763 4549
4654 1756 1763 4549
4655 1756 1756 4451
4656 1756 1763 4451
4657 1756 1762 4584
4658 1756 1763 4584
4659 1756 1762 4477
4660 1756 1759 4477
4661 1756 1763 4550
4662 1756 1763 4550
4663 1757 1763 3842
4664 1757 1757 3842
4665 1757 1763 3742
4666 1757 1763 3742
4667 1757 1763 3515
4668 1757 1763 3515
4669 1757 1759 0
4670 1757 1757 0
4671 1757 1763 2954
4672 1757 1763 2954
4673 1757 1761 4583
4674 1757 1763 4583
4675 1757 1763 0
4676 1757 1757 0
4677 1758 1763 4605
4678 1758 1759 4605
4679 1758 1762 0
4680 1758 1759 0
4681 1758 1758 0
4682 1758 1763 4576
4683 1758 1763 4576
4684 1759 1763 0
4685 1759 1763 4167
4686 1759 1763 4167
4687 1759 1759 0
4688 1759 1762 4595
4689 1759 1759 4595
4690 1759 1763 0
4691 1759 1763 3946
4692 1759 1763 3946
4693 1759 1762 0
4694 1759 1761 4367
4695 1759 1761 4367
4696 1759 1759 0
4697 1759 1763 0
4698 1760 1763 4485
4699 1760 1763 4485
4700 1760 1763 0
4701 1760 1760 0
4702 1760 1763 4592
4703 1760 1763 4592
4704 1760 1761 0
4705 1760 1763 4559
4706 1760 1763 4559
4707 1760 1763 0
4708 1760 1763 3968
4709 1760 1763 3968
4710 1760 1760 0
4711 1760 1763 4520
4712 1760 1763 4520
4713 1760 1760 0
4714 1760 1762 4540
4715 1760 1763 4540
4716 1760 1762 0
4717 1760 1763 4339
4718 1760 1763 4339
4719 1760 1763 4153
4720 1760 1763 4153
4721 1760 1763 4177
4722 1760 1762 4177
4723 1760 1763 4587
4724 1760 1763 4587
4725 1761 1762 0
4726 1761 1763 0
4727 1761 1761 0
4728 1761 1763 4562
4729 1761 1763 4562
4730 1761 1763 4356
4731 1761 1763 4356
4732 1761 1761 4250
4733 1761 1761 4250
4734 1761 1761 0
4735 1761 1762 3947
4736 1761 1762 3947
4737 1761 1761 4370
4738 1761 1763 4370
4739 1761 1763 3763
4740 1761 1763 3763
4741 1762 1763 4637
4742 1762 1763 4637
4743 1762 1763 0
4744 1762 1763 0
4745 1762 1763 4415
4746 1762 1763 4415
4747 1762 1762 0
4748 1762 1763 4733
4749 1762 1763 4733
4750 1762 1763 0
4751 1762 1763 4737
4752 1762 1763 4737
4753 1762 1762 4694
4754 1762 1763 4694
4755 1762 1763 4168
4756 1762 1763 4168
4757 1762 1763 4574
4758 1762 1762 4574
4759 1762 1763 4016
4760 1762 1763 4016
4761 1762 1762 0
4762 1763 1763 3816
4763 1763 1763 3816
4764 1763 1763 4725
4765 1763 1763 4725
4766 1763 1763 4619
4767 1763 1763 4619
4768 1763 1763 0
4769 1763 1763 0
4770 1763 1763 0
4771 1763 1763 4560
4772 1763 1763 4560
4773 1763 1763 0
4774 1763 1763 3282
4775 1763 1763 3282
4776 1763 1763 4336
4777 1763 1763 4336
4778 1763 1763 4688
4779 1763 1763 4688
4780 1763 1763 3759
4781 1763 1763 3759
4782 1763 1763 4736
4783 1763 1763 4736
4784 1763 1763 0
4785 1763 1763 0
4786 1763 1763 4716
4787 1763 1763 4716
4788 1763 1763 4599
4789 1763 1763 4599
4790 1763 1763 4657
4791 1763 1763 4657
4792 1763 1763 4659
4793 1763 1763 4659
