1 0 63 0
2 64 364 0
3 365 365 2
4 365 374 2
5 375 376 4
6 375 375 4
7 375 375 4
8 377 379 5
9 377 377 5
10 380 380 8
11 380 385 8
12 386 386 11
13 386 394 11
14 395 396 13
15 395 397 13
16 398 401 15
17 398 398 15
18 402 403 16
19 402 402 16
20 404 416 18
21 404 409 18
22 417 417 20
23 417 420 20
24 421 422 23
25 421 439 23
26 430 430 0
27 440 463 25
28 440 440 25
29 464 468 27
30 464 464 27
31 469 471 29
32 469 495 29
33 496 496 32
34 496 505 32
35 506 506 34
36 506 508 34
37 509 509 0
38 509 510 36
39 509 538 36
40 539 539 39
41 539 545 39
42 546 546 41
43 546 548 41
44 549 549 43
45 549 557 43
46 558 560 45
47 558 563 45
48 564 564 47
49 564 568 47
50 569 572 49
51 569 575 49
52 576 576 51
53 576 580 51
54 581 591 53
55 581 581 53
56 582 582 0
57 592 595 54
58 592 592 54
59 596 600 57
60 596 599 57
61 601 604 59
62 601 601 59
63 602 603 62
64 602 602 62
65 605 610 61
66 605 609 61
67 611 614 65
68 611 611 65
69 615 615 67
70 615 629 67
71 630 645 70
72 630 632 70
73 646 647 71
74 646 684 71
75 648 662 73
76 648 648 73
77 663 684 75
78 663 663 75
79 685 686 77
80 685 689 77
81 685 713 74
82 685 687 74
83 690 691 80
84 690 704 80
85 695 695 0
86 705 705 84
87 705 732 84
88 713 719 0
89 720 720 88
90 720 783 88
91 733 743 87
92 733 733 87
93 744 745 91
94 744 752 91
95 753 754 94
96 753 753 94
97 755 759 95
98 755 755 95
99 760 760 97
100 760 768 97
101 769 769 100
102 769 791 100
103 771 771 0
104 784 804 90
105 784 784 90
106 792 833 102
107 792 818 102
108 805 843 104
109 805 839 104
110 819 819 0
111 819 819 107
112 819 830 107
113 831 854 112
114 831 831 112
115 834 834 106
116 834 860 106
117 840 840 109
118 840 843 109
119 844 844 118
120 844 844 118
121 845 845 120
122 845 846 120
123 847 850 122
124 847 847 122
125 851 875 123
126 851 875 123
127 854 868 0
128 860 865 0
129 865 927 0
130 869 869 127
131 869 875 127
132 876 877 0
133 876 877 0
134 876 877 0
135 876 876 0
136 878 881 0
137 878 880 0
138 878 880 0
139 881 881 0
140 881 881 0
141 882 905 0
142 882 955 0
143 882 965 0
144 903 904 0
145 906 906 141
146 906 931 141
147 927 930 0
148 931 931 147
149 931 953 147
150 932 947 146
151 932 946 146
152 948 948 150
153 948 952 150
154 948 952 150
155 953 953 154
156 953 956 154
157 954 987 149
158 954 970 149
159 956 1059 142
160 956 996 142
161 957 957 156
162 957 957 156
163 958 963 161
164 958 965 161
165 966 966 164
166 966 966 164
167 966 972 143
168 966 966 143
169 967 970 166
170 967 967 166
171 971 972 158
172 971 1000 158
173 971 988 169
174 971 996 169
175 973 976 167
176 973 982 167
177 976 976 0
178 983 1017 176
179 983 1027 176
180 987 993 0
181 994 1000 0
182 997 1006 174
183 997 998 174
184 997 1030 0
185 1001 1038 0
186 1001 1034 0
187 1007 1022 182
188 1007 1021 182
189 1018 1018 178
190 1018 1057 178
191 1023 1040 187
192 1023 1052 187
193 1031 1036 184
194 1031 1037 184
195 1032 1032 0
196 1034 1036 0
197 1037 1037 196
198 1037 1043 196
199 1037 1048 193
200 1037 1049 193
201 1039 1042 0
202 1043 1043 0
203 1044 1050 0
204 1044 1045 198
205 1044 1044 198
206 1046 1065 204
207 1046 1046 204
208 1049 1053 199
209 1049 1056 199
210 1051 1065 0
211 1053 1072 192
212 1053 1072 192
213 1057 1082 209
214 1057 1091 209
215 1058 1069 190
216 1058 1058 190
217 1059 1059 0
218 1060 1060 159
219 1060 1095 159
220 1066 1073 0
221 1066 1074 206
222 1066 1074 206
223 1069 1083 0
224 1073 1073 0
225 1073 1076 212
226 1073 1077 212
227 1073 1080 211
228 1073 1076 211
229 1074 1076 220
230 1074 1075 220
231 1075 1085 222
232 1075 1081 222
233 1077 1079 229
234 1077 1082 229
235 1078 1086 226
236 1078 1083 226
237 1080 1080 0
238 1081 1081 0
239 1081 1086 227
240 1081 1081 227
241 1082 1088 0
242 1083 1083 0
243 1083 1084 213
244 1083 1098 213
245 1084 1084 0
246 1084 1084 223
247 1084 1102 223
248 1085 1086 0
249 1087 1089 248
250 1087 1087 248
251 1087 1093 239
252 1087 1088 239
253 1087 1091 235
254 1087 1092 235
255 1089 1111 241
256 1089 1104 241
257 1090 1091 0
258 1092 1098 0
259 1092 1246 214
260 1092 1159 214
261 1093 1162 254
262 1093 1113 254
263 1094 1108 251
264 1094 1094 251
265 1096 1113 219
266 1096 1109 219
267 1099 1099 0
268 1099 1099 0
269 1099 1104 244
270 1099 1099 244
271 1100 1100 0
272 1101 1101 0
273 1102 1102 0
274 1102 1103 0
275 1103 1106 0
276 1103 1103 247
277 1103 1112 247
278 1105 1105 256
279 1105 1107 256
280 1107 1111 275
281 1107 1111 275
282 1108 1111 279
283 1108 1115 279
284 1109 1124 263
285 1109 1111 263
286 1112 1112 280
287 1112 1112 280
288 1112 1113 255
289 1112 1114 255
290 1113 1113 286
291 1113 1113 286
292 1113 1113 277
293 1113 1130 277
294 1114 1118 290
295 1114 1117 290
296 1114 1121 265
297 1114 1121 265
298 1115 1115 289
299 1115 1115 289
300 1116 1116 299
301 1116 1117 299
302 1116 1129 0
303 1118 1124 301
304 1118 1120 301
305 1119 1119 294
306 1119 1123 294
307 1120 1123 0
308 1121 1124 0
309 1122 1123 297
310 1122 1125 297
311 1124 1126 0
312 1124 1126 0
313 1125 1135 284
314 1125 1137 284
315 1126 1154 310
316 1126 1135 310
317 1127 1127 312
318 1127 1127 312
319 1128 1128 318
320 1128 1128 318
321 1129 1129 320
322 1129 1130 320
323 1130 1132 302
324 1130 1160 302
325 1131 1138 322
326 1131 1131 322
327 1131 1131 293
328 1131 1138 293
329 1132 1132 0
330 1133 1138 0
331 1133 1151 323
332 1133 1141 323
333 1136 1218 316
334 1136 1136 316
335 1138 1147 314
336 1138 1147 314
337 1139 1141 0
338 1139 1141 0
339 1139 1158 328
340 1139 1139 328
341 1142 1144 338
342 1142 1144 338
343 1143 1143 0
344 1144 1144 0
345 1145 1149 0
346 1145 1145 0
347 1147 1147 0
348 1148 1148 336
349 1148 1148 336
350 1149 1156 349
351 1149 1153 349
352 1149 1152 0
353 1150 1152 345
354 1150 1151 345
355 1151 1151 0
356 1152 1157 331
357 1152 1156 331
358 1153 1155 353
359 1153 1155 353
360 1154 1154 0
361 1155 1155 0
362 1155 1157 315
363 1155 1156 315
364 1156 1156 359
365 1156 1156 359
366 1157 1158 365
367 1157 1158 365
368 1157 1157 0
369 1157 1158 0
370 1158 1158 356
371 1158 1164 356
372 1158 1159 362
373 1158 1159 362
374 1158 1159 0
375 1159 1160 0
376 1160 1163 0
377 1160 1256 0
378 1160 1160 374
379 1160 1167 374
380 1160 1209 0
381 1161 1161 0
382 1161 1168 324
383 1161 1163 324
384 1161 1161 0
385 1162 1162 0
386 1163 1167 261
387 1163 1166 261
388 1163 1163 0
389 1164 1165 0
390 1164 1168 383
391 1164 1184 383
392 1164 1164 0
393 1165 1165 371
394 1165 1171 371
395 1166 1166 389
396 1166 1167 389
397 1167 1173 387
398 1167 1172 387
399 1168 1168 396
400 1168 1168 396
401 1168 1170 0
402 1168 1178 379
403 1168 1183 379
404 1169 1170 0
405 1169 1170 0
406 1169 1170 390
407 1169 1171 390
408 1171 1172 404
409 1171 1172 404
410 1172 1175 0
411 1172 1174 0
412 1172 1172 407
413 1172 1173 407
414 1173 1177 0
415 1173 1173 0
416 1173 1173 0
417 1173 1178 398
418 1173 1175 398
419 1174 1200 0
420 1174 1179 413
421 1174 1174 413
422 1176 1185 410
423 1176 1177 410
424 1178 1178 0
425 1178 1178 0
426 1179 1187 0
427 1179 1179 402
428 1179 1207 402
429 1179 1183 417
430 1179 1181 417
431 1180 1183 420
432 1180 1185 420
433 1184 1184 429
434 1184 1188 429
435 1184 1189 0
436 1185 1185 0
437 1185 1188 391
438 1185 1203 391
439 1186 1187 422
440 1186 1189 422
441 1186 1187 0
442 1189 1190 0
443 1189 1233 434
444 1189 1245 434
445 1189 1193 437
446 1189 1189 437
447 1189 1191 437
448 1189 1189 0
449 1190 1211 440
450 1190 1191 440
451 1190 1190 435
452 1190 1202 435
453 1191 1191 0
454 1192 1197 0
455 1192 1192 447
456 1192 1192 447
457 1192 1193 0
458 1193 1193 456
459 1193 1197 456
460 1194 1201 0
461 1194 1194 0
462 1196 1196 0
463 1196 1196 0
464 1198 1199 0
465 1198 1207 0
466 1198 1205 0
467 1199 1201 0
468 1201 1201 419
469 1201 1201 419
470 1201 1211 0
471 1202 1203 0
472 1202 1204 0
473 1203 1204 0
474 1203 1219 0
475 1204 1207 438
476 1204 1206 438
477 1205 1205 473
478 1205 1206 473
479 1206 1206 0
480 1206 1206 466
481 1206 1210 466
482 1206 1212 0
483 1207 1218 478
484 1207 1224 478
485 1208 1238 0
486 1208 1208 475
487 1208 1208 475
488 1208 1220 428
489 1208 1208 428
490 1209 1243 487
491 1209 1209 487
492 1209 1243 0
493 1210 1221 491
494 1210 1210 491
495 1211 1211 0
496 1211 1214 0
497 1212 1212 0
498 1212 1221 0
499 1212 1212 0
500 1213 1221 0
501 1214 1214 0
502 1215 1247 496
503 1215 1217 496
504 1215 1220 0
505 1219 1220 0
506 1219 1222 333
507 1219 1221 333
508 1220 1245 0
509 1221 1222 0
510 1221 1222 0
511 1221 1248 0
512 1221 1222 488
513 1221 1221 488
514 1222 1222 0
515 1222 1234 0
516 1222 1230 493
517 1222 1226 493
518 1223 1229 0
519 1223 1241 0
520 1223 1229 506
521 1223 1223 506
522 1224 1224 0
523 1224 1224 0
524 1225 1241 0
525 1227 1228 0
526 1230 1235 0
527 1230 1238 520
528 1230 1230 520
529 1230 1233 0
530 1231 1244 516
531 1231 1266 516
532 1233 1233 0
533 1234 1242 0
534 1234 1235 0
535 1235 1236 0
536 1235 1238 515
537 1235 1235 515
538 1236 1237 0
539 1238 1238 0
540 1239 1245 0
541 1239 1246 0
542 1239 1240 485
543 1239 1242 485
544 1239 1247 527
545 1239 1247 527
546 1241 1241 0
547 1242 1247 0
548 1242 1287 0
549 1243 1254 543
550 1243 1256 543
551 1243 1245 0
552 1244 1244 0
553 1244 1245 490
554 1244 1244 490
555 1244 1246 0
556 1245 1246 554
557 1245 1245 554
558 1246 1276 0
559 1246 1246 0
560 1246 1246 0
561 1246 1253 551
562 1246 1261 551
563 1246 1257 0
564 1247 1260 0
565 1247 1247 0
566 1247 1257 556
567 1247 1256 556
568 1247 1247 259
569 1247 1247 259
570 1248 1248 0
571 1248 1248 0
572 1248 1248 565
573 1248 1249 565
574 1248 1251 544
575 1248 1248 544
576 1248 1248 569
577 1248 1249 569
578 1249 1249 511
579 1249 1259 511
580 1249 1303 0
581 1249 1249 0
582 1250 1250 581
583 1250 1256 581
584 1250 1252 577
585 1250 1293 577
586 1252 1255 574
587 1252 1255 574
588 1253 1253 0
589 1253 1265 0
590 1254 1254 0
591 1254 1254 0
592 1254 1331 561
593 1254 1275 561
594 1256 1258 587
595 1256 1263 587
596 1257 1257 377
597 1257 1257 377
598 1257 1257 583
599 1257 1264 583
600 1257 1259 550
601 1257 1262 550
602 1258 1259 597
603 1258 1259 597
604 1258 1261 566
605 1258 1266 566
606 1258 1261 0
607 1260 1261 0
608 1260 1268 602
609 1260 1261 602
610 1260 1265 0
611 1261 1261 0
612 1261 1264 564
613 1261 1261 564
614 1262 1290 0
615 1262 1262 0
616 1262 1271 562
617 1262 1271 562
618 1262 1266 0
619 1263 1269 601
620 1263 1268 601
621 1265 1265 599
622 1265 1272 599
623 1265 1265 612
624 1265 1274 612
625 1266 1275 610
626 1266 1270 610
627 1266 1375 589
628 1266 1308 589
629 1267 1268 605
630 1267 1269 605
631 1267 1267 618
632 1267 1267 618
633 1268 1274 631
634 1268 1268 631
635 1269 1269 608
636 1269 1277 608
637 1270 1273 619
638 1270 1271 619
639 1270 1273 630
640 1270 1283 630
641 1272 1282 0
642 1272 1272 0
643 1272 1273 616
644 1272 1273 616
645 1274 1276 637
646 1274 1277 637
647 1274 1284 644
648 1274 1279 644
649 1275 1275 624
650 1275 1289 624
651 1275 1277 633
652 1275 1278 633
653 1276 1286 0
654 1276 1278 625
655 1276 1278 625
656 1277 1279 558
657 1277 1278 558
658 1278 1293 636
659 1278 1345 636
660 1278 1288 646
661 1278 1279 646
662 1279 1283 652
663 1279 1281 652
664 1279 1283 654
665 1279 1279 654
666 1280 1284 656
667 1280 1284 656
668 1280 1283 0
669 1282 1293 0
670 1283 1289 0
671 1284 1284 640
672 1284 1286 640
673 1284 1285 662
674 1284 1285 662
675 1284 1310 664
676 1284 1285 664
677 1285 1323 667
678 1285 1288 667
679 1285 1287 647
680 1285 1285 647
681 1286 1288 674
682 1286 1289 674
683 1287 1302 0
684 1287 1287 672
685 1287 1288 672
686 1287 1291 0
687 1288 1288 0
688 1288 1292 0
689 1289 1302 0
690 1289 1292 660
691 1289 1299 660
692 1289 1290 685
693 1289 1375 685
694 1290 1293 650
695 1290 1299 650
696 1290 1293 0
697 1290 1297 0
698 1291 1299 614
699 1291 1310 614
700 1292 1294 0
701 1293 1313 0
702 1293 1293 0
703 1294 1296 658
704 1294 1296 658
705 1294 1302 0
706 1294 1294 702
707 1294 1325 702
708 1294 1302 585
709 1294 1302 585
710 1295 1309 700
711 1295 1309 700
712 1297 1299 703
713 1297 1297 703
714 1298 1299 0
715 1298 1299 697
716 1298 1300 697
717 1299 1302 0
718 1300 1307 0
719 1300 1303 712
720 1300 1302 712
721 1300 1303 691
722 1300 1300 691
723 1300 1305 715
724 1300 1300 715
725 1301 1340 0
726 1303 1354 0
727 1303 1304 717
728 1303 1303 717
729 1303 1304 709
730 1303 1305 709
731 1304 1316 721
732 1304 1305 721
733 1304 1348 719
734 1304 1312 719
735 1304 1305 721
736 1304 1304 580
737 1304 1305 580
738 1305 1306 0
739 1305 1306 0
740 1306 1306 0
741 1306 1312 732
742 1306 1319 732
743 1306 1307 737
744 1306 1306 737
745 1306 1318 723
746 1306 1314 723
747 1306 1362 730
748 1306 1375 730
749 1307 1307 0
750 1308 1324 0
751 1308 1316 0
752 1308 1314 749
753 1308 1308 749
754 1308 1310 743
755 1308 1310 743
756 1309 1369 0
757 1310 1310 0
758 1310 1310 0
759 1310 1310 0
760 1310 1310 0
761 1311 1317 0
762 1311 1311 0
763 1311 1313 0
764 1311 1316 0
765 1311 1328 675
766 1311 1313 675
767 1311 1311 0
768 1312 1313 0
769 1313 1332 741
770 1313 1313 741
771 1313 1313 0
772 1314 1314 0
773 1314 1323 770
774 1314 1314 770
775 1314 1375 0
776 1314 1331 0
777 1315 1315 0
778 1315 1316 0
779 1316 1316 0
780 1316 1316 0
781 1316 1318 0
782 1317 1317 0
783 1317 1325 764
784 1317 1319 764
785 1317 1317 0
786 1318 1319 0
787 1318 1329 0
788 1319 1326 0
789 1319 1319 0
790 1319 1336 745
791 1319 1375 745
792 1320 1320 0
793 1320 1333 742
794 1320 1321 742
795 1320 1320 784
796 1320 1320 784
797 1321 1321 0
798 1321 1321 0
799 1321 1321 0
800 1321 1321 796
801 1321 1323 796
802 1322 1325 0
803 1322 1337 0
804 1323 1323 0
805 1324 1324 0
806 1324 1329 0
807 1324 1324 801
808 1324 1325 801
809 1325 1339 0
810 1325 1366 0
811 1325 1325 0
812 1325 1329 0
813 1326 1328 0
814 1326 1327 0
815 1326 1327 808
816 1326 1328 808
817 1328 1328 0
818 1328 1328 0
819 1328 1349 0
820 1329 1330 0
821 1329 1335 813
822 1329 1366 813
823 1329 1329 816
824 1329 1334 816
825 1330 1346 0
826 1332 1332 0
827 1332 1356 592
828 1332 1375 592
829 1332 1332 0
830 1333 1335 769
831 1333 1337 769
832 1333 1335 0
833 1335 1337 824
834 1335 1335 824
835 1336 1340 0
836 1336 1336 0
837 1337 1375 0
838 1337 1347 0
839 1338 1340 803
840 1338 1339 803
841 1338 1365 831
842 1338 1343 831
843 1338 1375 833
844 1338 1366 833
845 1338 1339 833
846 1340 1341 0
847 1340 1340 0
848 1341 1341 0
849 1341 1341 839
850 1341 1349 839
851 1341 1344 725
852 1341 1348 725
853 1342 1375 0
854 1342 1375 0
855 1342 1358 0
856 1346 1353 659
857 1346 1353 659
858 1349 1349 733
859 1349 1350 733
860 1349 1349 0
861 1349 1375 852
862 1349 1356 852
863 1350 1351 819
864 1350 1350 819
865 1351 1359 859
866 1351 1352 859
867 1352 1370 863
868 1352 1354 863
869 1352 1352 863
870 1353 1353 0
871 1354 1354 857
872 1354 1358 857
873 1355 1359 0
874 1355 1356 0
875 1355 1356 868
876 1355 1355 868
877 1357 1375 827
878 1357 1375 827
879 1357 1375 875
880 1357 1357 875
881 1357 1365 0
882 1359 1370 855
883 1359 1360 855
884 1359 1363 872
885 1359 1359 872
886 1360 1375 0
887 1360 1369 865
888 1360 1360 865
889 1363 1369 0
890 1364 1370 884
891 1364 1367 884
892 1364 1366 0
893 1365 1365 0
894 1367 1375 0
895 1367 1367 0
896 1367 1367 822
897 1367 1367 822
898 1367 1369 844
899 1367 1375 844
900 1368 1372 897
901 1368 1372 897
902 1368 1375 0
903 1370 1372 887
904 1370 1372 887
905 1370 1375 0
906 1370 1375 889
907 1370 1372 889
908 1371 1375 882
909 1371 1371 882
910 1371 1373 0
911 1371 1375 867
912 1371 1374 867
913 1371 1371 0
914 1372 1373 0
915 1373 1373 904
916 1373 1374 904
917 1373 1375 901
918 1373 1375 901
919 1373 1375 0
920 1374 1374 0
921 1374 1375 914
922 1374 1374 914
923 1374 1375 0
924 1375 1375 0
925 1375 1375 916
926 1375 1375 916
