1 0 17 0
2 0 16 0
3 0 52 0
4 0 36 0
5 0 44 0
6 0 11 0
7 0 19 0
8 0 12 0
9 0 21 0
10 0 29 0
11 0 53 0
12 0 20 0
13 0 25 0
14 12 68 6
15 12 69 6
16 13 71 8
17 13 137 8
18 17 67 2
19 17 71 2
20 20 135 7
21 20 78 7
22 22 77 9
23 22 73 9
24 26 83 13
25 26 80 13
26 29 30 0
27 30 83 10
28 30 137 10
29 31 98 0
30 37 89 4
31 37 96 4
32 42 60 0
33 45 48 0
34 45 102 5
35 45 68 5
36 52 124 0
37 53 110 3
38 53 106 3
42 54 103 11
43 54 110 11
44 63 67 0
45 65 120 0
46 68 129 18
47 68 121 18
48 69 119 14
49 69 122 14
50 70 109 0
51 70 90 0
52 70 137 15
53 70 79 15
54 72 137 0
55 72 121 19
56 72 121 16
57 72 125 19
58 72 125 16
59 74 76 0
60 74 137 23
61 74 128 23
62 78 137 22
63 78 130 22
64 79 137 0
65 79 79 0
66 79 135 21
67 79 135 21
68 81 136 25
69 81 132 25
70 82 96 0
71 84 137 0
72 84 137 27
73 84 137 24
74 84 137 27
75 84 136 24
76 85 125 0
77 90 137 30
78 90 137 30
79 91 137 51
80 91 119 51
81 94 137 0
85 96 126 0
86 97 137 31
87 97 137 31
88 98 137 0
89 99 137 29
91 99 137 29
94 102 109 0
95 103 137 34
96 103 137 34
97 104 137 42
98 104 137 42
99 107 137 38
100 107 137 38
101 110 137 50
102 110 137 50
103 111 137 37
104 111 137 43
105 111 137 37
106 111 137 43
107 117 117 0
108 120 137 0
109 120 137 48
110 120 137 48
111 121 137 45
112 121 137 45
113 122 137 47
114 122 137 47
115 122 137 55
116 122 137 56
117 122 137 55
118 122 137 56
120 123 123 0
121 123 137 49
122 123 137 49
128 125 134 0
129 126 137 58
131 126 137 58
132 126 137 76
133 126 137 76
134 126 137 57
135 126 137 57
137 128 131 0
139 129 137 61
140 129 137 61
141 130 137 0
144 131 137 63
145 131 137 63
146 132 137 0
147 133 137 69
148 133 137 69
149 136 137 66
150 136 137 66
151 136 137 67
152 136 137 20
153 136 137 67
154 136 137 20
155 137 137 0
156 137 137 68
157 137 137 68
158 137 137 75
159 137 137 75
